   9.77517105638980865478515625000000000E-0003     5.2146855495297961E-002
   1.95503421127796173095703125000000000E-0002     7.6583683325880322E-002
   2.93255131691694259643554687500000000E-0002    0.10092523002741148     
   3.91006842255592346191406250000000000E-0002    0.12515701489438005     
   4.88758552819490432739257812500000000E-0002    0.14926463309327895     
   5.86510263383388519287109375000000000E-0002    0.17323376840803692     
   6.84261973947286605834960937500000000E-0002    0.19705020589793262     
   7.82013684511184692382812500000000000E-0002    0.22069984445424143     
   8.79765395075082778930664062500000000E-0002    0.24416870924198275     
   9.77517105638980865478515625000000000E-0002    0.26744296401326706     
  0.107526881620287895202636718750000000          0.29050892327889294     
  0.117302052676677703857421875000000000          0.31335306432500715     
  0.127077223733067512512207031250000000          0.33596203906182120     
  0.136852394789457321166992187500000000          0.35832268569157566     
  0.146627565845847129821777343750000000          0.38042204018315201     
  0.156402736902236938476562500000000000          0.40224734754095898     
  0.166177907958626747131347656250000000          0.42378607285596254     
  0.175953079015016555786132812500000000          0.44502591212697995     
  0.185728250071406364440917968750000000          0.46595480284063095     
  0.195503421127796173095703125000000000          0.48656093429862063     
  0.205278592184185981750488281250000000          0.50683275768132374     
  0.215053763240575790405273437500000000          0.52675899583695152     
  0.224828934296965599060058593750000000          0.54632865278590137     
  0.234604105353355407714843750000000000          0.56553102293022606     
  0.244379276409745216369628906250000000          0.58435569995850345     
  0.254154447466135025024414062500000000          0.60279258543674641     
  0.263929618522524833679199218750000000          0.62083189707635666     
  0.273704789578914642333984375000000000          0.63846417667051358     
  0.283479960635304450988769531250000000          0.65568029769076563     
  0.293255131691694259643554687500000000          0.67247147253600159     
  0.303030302748084068298339843750000000          0.68882925942637885     
  0.312805473804473876953125000000000000          0.70474556893520390     
  0.322580644860863685607910156250000000          0.72021267015218560     
  0.332355815917253494262695312500000000          0.73522319647190848     
  0.342130986973643302917480468750000000          0.74977015100181854     
  0.351906158030033111572265625000000000          0.76384691158445073     
  0.361681329086422920227050781250000000          0.77744723542908500     
  0.371456500142812728881835937500000000          0.79056526334846711     
  0.381231671199202537536621093750000000          0.80319552359669721     
  0.391006842255592346191406250000000000          0.81533293530484974     
  0.400782013311982154846191406250000000          0.82697281151135782     
  0.410557184368371963500976562500000000          0.83811086178466598     
  0.420332355424761772155761718750000000          0.84874319443613122     
  0.430107526481151580810546875000000000          0.85886631832162641     
  0.439882697537541389465332031250000000          0.86847714423077693     
  0.449657868593931198120117187500000000          0.87757298586323762     
  0.459433039650321006774902343750000000          0.88615156039190046     
  0.469208210706710815429687500000000000          0.89421098861339632     
  0.478983381763100624084472656250000000          0.90174979468672767     
  0.488758552819490432739257812500000000          0.90876690546135297     
  0.498533723875880241394042968750000000          0.91526164939650589     
  0.508308894932270050048828125000000000          0.92123375507400795     
  0.518084065988659858703613281250000000          0.92668334930730256     
  0.527859237045049667358398437500000000          0.93161095484988510     
  0.537634408101439476013183593750000000          0.93601748770678672     
  0.547409579157829284667968750000000000          0.93990425405319666     
  0.557184750214219093322753906250000000          0.94327294676477436     
  0.566959921270608901977539062500000000          0.94612564156462997     
  0.576735092326998710632324218750000000          0.94846479279239593     
  0.586510263383388519287109375000000000          0.95029322880123468     
  0.596285434439778327941894531250000000          0.95161414698904567     
  0.606060605496168136596679687500000000          0.95243110847054957     
  0.615835776552557945251464843750000000          0.95274803239732719     
  0.625610947608947753906250000000000000          0.95256918993328465     
  0.635386118665337562561035156250000000          0.95189919789340161     
  0.645161289721727371215820312500000000          0.95074301205398515     
  0.654936460778117179870605468750000000          0.94910592014302830     
  0.664711631834506988525390625000000000          0.94699353451960699     
  0.674486802890896797180175781250000000          0.94441178455160524     
  0.684261973947286605834960937500000000          0.94136690870137274     
  0.694037145003676414489746093750000000          0.93786544632924784     
  0.703812316060066223144531250000000000          0.93391422922517087     
  0.713587487116456031799316406250000000          0.92952037287891320     
  0.723362658172845840454101562500000000          0.92469126749971520     
  0.733137829229235649108886718750000000          0.91943456879639884     
  0.742913000285625457763671875000000000          0.91375818852926216     
  0.752688171342015266418457031250000000          0.90767028484530687     
  0.762463342398405075073242187500000000          0.90117925240856056     
  0.772238513454794883728027343750000000          0.89429371233747013     
  0.782013684511184692382812500000000000          0.88702250196153376     
  0.791788855567574501037597656250000000          0.87937466440950585     
  0.801564026623964309692382812500000000          0.87135943804168214     
  0.811339197680354118347167968750000000          0.86298624573890748     
  0.821114368736743927001953125000000000          0.85426468406108469     
  0.830889539793133735656738281250000000          0.84520451228807536     
  0.840664710849523544311523437500000000          0.83581564135597297     
  0.850439881905913352966308593750000000          0.82610812270182665     
  0.860215052962303161621093750000000000          0.81609213702994332     
  0.869990224018692970275878906250000000          0.80577798301295500     
  0.879765395075082778930664062500000000          0.79517606594086643     
  0.889540566131472587585449218750000000          0.78429688633132011     
  0.899315737187862396240234375000000000          0.77315102851431017     
  0.909090908244252204895019531250000000          0.76174914920457004     
  0.918866079300642013549804687500000000          0.75010196607481383     
  0.928641250357031822204589843750000000          0.73822024634298200     
  0.938416421413421630859375000000000000          0.72611479538656232     
  0.948191592469811439514160156250000000          0.71379644539698828     
  0.957966763526201248168945312500000000          0.70127604408701494     
  0.967741934582591056823730468750000000          0.68856444346387025     
  0.977517105638980865478515625000000000          0.67567248868084451     
  0.987292276695370674133300781250000000          0.66261100697985020     
  0.997067447751760482788085937500000000          0.64939079673731548     
   1.00684261880815029144287109375000000          0.63602261662561976     
   1.01661778986454010009765625000000000          0.62251717490208047     
   1.02639296092092990875244140625000000          0.60888511883730956     
   1.03616813197731971740722656250000000          0.59513702429453996     
   1.04594330303370952606201171875000000          0.58128338547130143     
   1.05571847409009933471679687500000000          0.56733460481457554     
   1.06549364514648914337158203125000000          0.55330098312031728     
   1.07526881620287895202636718750000000          0.53919270982795586     
   1.08504398725926876068115234375000000          0.52501985352021185     
   1.09481915831565856933593750000000000          0.51079235263828293     
   1.10459432937204837799072265625000000          0.49652000642214000     
   1.11436950042843818664550781250000000          0.48221246608536572     
   1.12414467148482799530029296875000000          0.46787922623365380     
   1.13391984254121780395507812500000000          0.45352961653573276     
   1.14369501359760761260986328125000000          0.43917279365515771     
   1.15347018465399742126464843750000000          0.42481773345104329     
   1.16324535571038722991943359375000000          0.41047322345545856     
   1.17302052676677703857421875000000000          0.39614785563483046     
   1.18279569782316684722900390625000000          0.38185001944232577     
   1.19257086887955665588378906250000000          0.36758789516779533     
   1.20234603993594646453857421875000000          0.35336944759147365     
   1.21212121099233627319335937500000000          0.33920241994722211     
   1.22189638204872608184814453125000000          0.32509432820071255     
   1.23167155310511589050292968750000000          0.31105245564751560     
   1.24144672416150569915771484375000000          0.29708384783567188     
   1.25122189521789550781250000000000000          0.28319530781687741     
   1.26099706627428531646728515625000000          0.26939339173000854     
   1.27077223733067512512207031250000000          0.25568440472028403     
   1.28054740838706493377685546875000000          0.24207439719692170     
   1.29032257944345474243164062500000000          0.22856916143173239     
   1.30009775049984455108642578125000000          0.21517422850064821     
   1.30987292155623435974121093750000000          0.20189486556975378     
   1.31964809261262416839599609375000000          0.18873607352695920     
   1.32942326366901397705078125000000000          0.17570258496000835     
   1.33919843472540378570556640625000000          0.16279886248109743     
   1.34897360578179359436035156250000000          0.15002909739793324     
   1.35874877683818340301513671875000000          0.13739720873063993     
   1.36852394789457321166992187500000000          0.12490684257349061     
   1.37829911895096302032470703125000000          0.11256137180001469     
   1.38807429000735282897949218750000000          0.10036389610961410     
   1.39784946106374263763427734375000000           8.8317242413398167E-002
   1.40762463212013244628906250000000000           7.6423965556538909E-002
   1.41739980317652225494384765625000000           6.4686349374034502E-002
   1.42717497423291206359863281250000000           5.3106408076372957E-002
   1.43695014528930187225341796875000000           4.1685887961182722E-002
   1.44672531634569168090820312500000000           3.0426269446570897E-002
   1.45650048740208148956298828125000000           1.9328769421470104E-002
   1.46627565845847129821777343750000000           8.3943439079245397E-003
   1.47605082951486110687255859375000000          -2.3763089701014373E-003
   1.48582600057125091552734375000000000          -1.2982745717192212E-002
   1.49560117162764072418212890625000000          -2.3424773902358809E-002
   1.50537634268403053283691406250000000          -3.3702448306812627E-002
   1.51515151374042034149169921875000000          -4.3816066790449137E-002
   1.52492668479681015014648437500000000          -5.3766165884179429E-002
   1.53470185585319995880126953125000000          -6.3553516115557318E-002
   1.54447702690958976745605468750000000          -7.3179117075460431E-002
   1.55425219796597957611083984375000000          -8.2644192233858271E-002
   1.56402736902236938476562500000000000          -9.1950183512997885E-002
   1.57380254007875919342041015625000000         -0.10109874562658971     
   1.58357771113514900207519531250000000         -0.11009174019384199     
   1.59335288219153881072998046875000000         -0.11893122963742614     
   1.60312805324792861938476562500000000         -0.12761947087469849     
   1.61290322430431842803955078125000000         -0.13615890881170251     
   1.62267839536070823669433593750000000         -0.14455216964970263     
   1.63245356641709804534912109375000000         -0.15280205401417163     
   1.64222873747348785400390625000000000         -0.16091152991634156     
   1.65200390852987766265869140625000000         -0.16888372555759223     
   1.66177907958626747131347656250000000         -0.17672192198709485     
   1.67155425064265727996826171875000000         -0.18442954562327080     
   1.68132942169904708862304687500000000         -0.19201016064974197     
   1.69110459275543689727783203125000000         -0.19946746129655735     
   1.70087976381182670593261718750000000         -0.20680526401758043     
   1.71065493486821651458740234375000000         -0.21402749957498562     
   1.72043010592460632324218750000000000         -0.22113820504188991     
   1.73020527698099613189697265625000000         -0.22814151573418934     
   1.73998044803738594055175781250000000         -0.23504165708270269     
   1.74975561909377574920654296875000000         -0.24184293645674837     
   1.75953079015016555786132812500000000         -0.24854973495028476     
   1.76930596120655536651611328125000000         -0.25516649914173278     
   1.77908113226294517517089843750000000         -0.26169773283858311     
   1.78885630331933498382568359375000000         -0.26814798881784313     
   1.79863147437572479248046875000000000         -0.27452186057333272     
   1.80840664543211460113525390625000000         -0.28082397408077187     
   1.81818181648850440979003906250000000         -0.28705897959151910     
   1.82795698754489421844482421875000000         -0.29323154346572705     
   1.83773215860128402709960937500000000         -0.29934634005557720     
   1.84750732965767383575439453125000000         -0.30540804364912610     
   1.85728250071406364440917968750000000         -0.31142132048517185     
   1.86705767177045345306396484375000000         -0.31739082084938780     
   1.87683284282684326171875000000000000         -0.32332117126182403     
   1.88660801388323307037353515625000000         -0.32921696676569401     
   1.89638318493962287902832031250000000         -0.33508276332717996     
   1.90615835599601268768310546875000000         -0.34092307035579567     
   1.91593352705240249633789062500000000         -0.34674234335463483     
   1.92570869810879230499267578125000000         -0.35254497670960655     
   1.93548386916518211364746093750000000         -0.35833529662653907     
   1.94525904022157192230224609375000000         -0.36411755422477732     
   1.95503421127796173095703125000000000         -0.36989591879565381     
   1.96480938233435153961181640625000000         -0.37567447123395031     
   1.97458455339074134826660156250000000         -0.38145719765018843     
   1.98435972444713115692138671875000000         -0.38724798317130993     
   1.99413489550352096557617187500000000         -0.39305060593701691     
   2.00391006655991077423095703125000000         -0.39886873129873646     
   2.01368523761630058288574218750000000         -0.40470590622787705     
   2.02346040867269039154052734375000000         -0.41056555393971844     
   2.03323557972908020019531250000000000         -0.41645096873895837     
   2.04301075078547000885009765625000000         -0.42236531109261627     
   2.05278592184185981750488281250000000         -0.42831160293564879     
   2.06256109289824962615966796875000000         -0.43429272321429779     
   2.07233626395463943481445312500000000         -0.44031140367184357     
   2.08211143501102924346923828125000000         -0.44637022488108569     
   2.09188660606741905212402343750000000         -0.45247161252751666     
   2.10166177712380886077880859375000000         -0.45861783394679612     
   2.11143694818019866943359375000000000         -0.46481099491976929     
   2.12121211923658847808837890625000000         -0.47105303672791221     
   2.13098729029297828674316406250000000         -0.47734573347171150     
   2.14076246134936809539794921875000000         -0.48369068965412315     
   2.15053763240575790405273437500000000         -0.49008933803088112     
   2.16031280346214771270751953125000000         -0.49654293772905489     
   2.17008797451853752136230468750000000         -0.50305257263488590     
   2.17986314557492733001708984375000000         -0.50961915005155367     
   2.18963831663131713867187500000000000         -0.51624339962716148     
   2.19941348768770694732666015625000000         -0.52292587255285383     
   2.20918865874409675598144531250000000         -0.52966694103060785     
   2.21896382980048656463623046875000000         -0.53646679800988717     
   2.22873900085687637329101562500000000         -0.54332545719196490     
   2.23851417191326618194580078125000000         -0.55024275330037620     
   2.24828934296965599060058593750000000         -0.55721834261559977     
   2.25806451402604579925537109375000000         -0.56425170377170941     
   2.26783968508243560791015625000000000         -0.57134213881239737     
   2.27761485613882541656494140625000000         -0.57848877450341996     
   2.28739002719521522521972656250000000         -0.58569056389818241     
   2.29716519825160503387451171875000000         -0.59294628815284656     
   2.30694036930799484252929687500000000         -0.60025455858701882     
   2.31671554036438465118408203125000000         -0.60761381898575484     
   2.32649071142077445983886718750000000         -0.61502234813830947     
   2.33626588247716426849365234375000000         -0.62247826260875416     
   2.34604105353355407714843750000000000         -0.62997951973328115     
   2.35581622458994388580322265625000000         -0.63752392083874077     
   2.36559139564633369445800781250000000         -0.64510911467665522     
   2.37536656670272350311279296875000000         -0.65273260106670905     
   2.38514173775911331176757812500000000         -0.66039173474342761     
   2.39491690881550312042236328125000000         -0.66808372939952687     
   2.40469207987189292907714843750000000         -0.67580566191915459     
   2.41446725092828273773193359375000000         -0.68355447679403203     
   2.42424242198467254638671875000000000         -0.69132699071526560     
   2.43401759304106235504150390625000000         -0.69911989733340185     
   2.44379276409745216369628906250000000         -0.70692977217908803     
   2.45356793515384197235107421875000000         -0.71475307773652541     
   2.46334310621023178100585937500000000         -0.72258616866171255     
   2.47311827726662158966064453125000000         -0.73042529713732252     
   2.48289344832301139831542968750000000         -0.73826661835589413     
   2.49266861937940120697021484375000000         -0.74610619612289120     
   2.50244379043579101562500000000000000         -0.75394000857103505     
   2.51221896149218082427978515625000000         -0.76176395397722385     
   2.52199413254857063293457031250000000         -0.76957385667321987     
   2.53176930360496044158935546875000000         -0.77736547304122516     
   2.54154447466135025024414062500000000         -0.78513449758536180     
   2.55131964571774005889892578125000000         -0.79287656907002102     
   2.56109481677412986755371093750000000         -0.80058727671599073     
   2.57086998783051967620849609375000000         -0.80826216644522508     
   2.58064515888690948486328125000000000         -0.81589674716509941     
   2.59042032994329929351806640625000000         -0.82348649708297417     
   2.60019550099968910217285156250000000         -0.83102687004189058     
   2.60997067205607891082763671875000000         -0.83851330186823381     
   2.61974584311246871948242187500000000         -0.84594121672222189     
   2.62952101416885852813720703125000000         -0.85330603344211031     
   2.63929618522524833679199218750000000         -0.86060317187306001     
   2.64907135628163814544677734375000000         -0.86782805917167039     
   2.65884652733802795410156250000000000         -0.87497613607725211     
   2.66862169839441776275634765625000000         -0.88204286314100699     
   2.67839686945080757141113281250000000         -0.88902372690437070     
   2.68817204050719738006591796875000000         -0.89591424601789171     
   2.69794721156358718872070312500000000         -0.90270997729213365     
   2.70772238261997699737548828125000000         -0.90940652167222702     
   2.71749755367636680603027343750000000         -0.91599953012783475     
   2.72727272473275661468505859375000000         -0.92248470945045424     
   2.73704789578914642333984375000000000         -0.92885782795014149     
   2.74682306684553623199462890625000000         -0.93511472104392235     
   2.75659823790192604064941406250000000         -0.94125129672833441     
   2.76637340895831584930419921875000000         -0.94726354092874931     
   2.77614858001470565795898437500000000         -0.95314752271832170     
   2.78592375107109546661376953125000000         -0.95889939939963231     
   2.79569892212748527526855468750000000         -0.96451542144230906     
   2.80547409318387508392333984375000000         -0.96999193727015331     
   2.81524926424026489257812500000000000         -0.97532539789152639     
   2.82502443529665470123291015625000000         -0.98051236136700992     
   2.83479960635304450988769531250000000         -0.98554949710860529     
   2.84457477740943431854248046875000000         -0.99043359000500020     
   2.85434994846582412719726562500000000         -0.99516154436770177     
   2.86412511952221393585205078125000000         -0.99973038769311273     
   2.87390029057860374450683593750000000          -1.0041372742359067     
   2.88367546163499355316162109375000000          -1.0083794883893489     
   2.89345063269138336181640625000000000          -1.0124544478685014     
   2.90322580374777317047119140625000000          -1.0163597066925467     
   2.91300097480416297912597656250000000          -1.0200929579627718     
   2.92277614586055278778076171875000000          -1.0236520364330515     
   2.93255131691694259643554687500000000          -1.0270349208699896     
   2.94232648797333240509033203125000000          -1.0302397362001803     
   2.95210165902972221374511718750000000          -1.0332647554423673     
   2.96187683008611202239990234375000000          -1.0361084014226050     
   2.97165200114250183105468750000000000          -1.0387692482708291     
   2.98142717219889163970947265625000000          -1.0412460226975755     
   2.99120234325528144836425781250000000          -1.0435376050499021     
   3.00097751431167125701904296875000000          -1.0456430301458874     
   3.01075268536806106567382812500000000          -1.0475614878874036     
   3.02052785642445087432861328125000000          -1.0492923236511809     
   3.03030302748084068298339843750000000          -1.0508350384584912     
   3.04007819853723049163818359375000000          -1.0521892889241109     
   3.04985336959362030029296875000000000          -1.0533548869855234     
   3.05962854065001010894775390625000000          -1.0543317994136412     
   3.06940371170639991760253906250000000          -1.0551201471066389     
   3.07917888276278972625732421875000000          -1.0557202041687934     
   3.08895405381917953491210937500000000          -1.0561323967765219     
   3.09872922487556934356689453125000000          -1.0563573018341303     
   3.10850439593195915222167968750000000          -1.0563956454220456     
   3.11827956698834896087646484375000000          -1.0562483010406287     
   3.12805473804473876953125000000000000          -1.0559162876529262     
   3.13782990910112857818603515625000000          -1.0554007675300017     
   3.14760508015751838684082031250000000          -1.0547030439027694     
   3.15738025121390819549560546875000000          -1.0538245584245092     
   3.16715542227029800415039062500000000          -1.0527668884485006     
   3.17693059332668781280517578125000000          -1.0515317441254737     
   3.18670576438307762145996093750000000          -1.0501209653258095     
   3.19648093543946743011474609375000000          -1.0485365183916693     
   3.20625610649585723876953125000000000          -1.0467804927244477     
   3.21603127755224704742431640625000000          -1.0448550972131803     
   3.22580644860863685607910156250000000          -1.0427626565097297     
   3.23558161966502666473388671875000000          -1.0405056071567984     
   3.24535679072141647338867187500000000          -1.0380864935749843     
   3.25513196177780628204345703125000000          -1.0355079639153035     
   3.26490713283419609069824218750000000          -1.0327727657837582     
   3.27468230389058589935302734375000000          -1.0298837418447042     
   3.28445747494697570800781250000000000          -1.0268438253099250     
   3.29423264600336551666259765625000000          -1.0236560353204522     
   3.30400781705975532531738281250000000          -1.0203234722283212     
   3.31378298811614513397216796875000000          -1.0168493127855580     
   3.32355815917253494262695312500000000          -1.0132368052478171     
   3.33333333022892475128173828125000000          -1.0094892644001785     
   3.34310850128531455993652343750000000          -1.0056100665127121     
   3.35288367234170436859130859375000000          -1.0016026442334884     
   3.36265884339809417724609375000000000         -0.99747048142678452     
   3.37243401445448398590087890625000000         -0.99321710796428753     
   3.38220918551087379455566406250000000         -0.98884609447714622     
   3.39198435656726360321044921875000000         -0.98436104707674732     
   3.40175952762365341186523437500000000         -0.97976560205212015     
   3.41153469868004322052001953125000000         -0.97506342055188067     
   3.42130986973643302917480468750000000         -0.97025818325862145     
   3.43108504079282283782958984375000000         -0.96535358506364699     
   3.44086021184921264648437500000000000         -0.96035332974992571     
   3.45063538290560245513916015625000000         -0.95526112469109070     
   3.46041055396199226379394531250000000         -0.95008067557428277     
   3.47018572501838207244873046875000000         -0.94481568115456283     
   3.47996089607477188110351562500000000         -0.93946982804855761     
   3.48973606713116168975830078125000000         -0.93404678557491816     
   3.49951123818755149841308593750000000         -0.92855020064908289     
   3.50928640924394130706787109375000000         -0.92298369273973335     
   3.51906158030033111572265625000000000         -0.91735084889422125     
   3.52883675135672092437744140625000000         -0.91165521884012046     
   3.53861192241311073303222656250000000         -0.90590031016992734     
   3.54838709346950054168701171875000000         -0.90008958361579294     
   3.55816226452589035034179687500000000         -0.89422644842101162     
   3.56793743558228015899658203125000000         -0.88831425781483941     
   3.57771260663866996765136718750000000         -0.88235630459703773     
   3.58748777769505977630615234375000000         -0.87635581683836239     
   3.59726294875144958496093750000000000         -0.87031595370303072     
   3.60703811980783939361572265625000000         -0.86423980139900169     
   3.61681329086422920227050781250000000         -0.85813036926169983     
   3.62658846192061901092529296875000000         -0.85199058597661059     
   3.63636363297700881958007812500000000         -0.84582329594593708     
   3.64613880403339862823486328125000000         -0.83963125580430609     
   3.65591397508978843688964843750000000         -0.83341713108825821     
   3.66568914614617824554443359375000000         -0.82718349306403061     
   3.67546431720256805419921875000000000         -0.82093281571788979     
   3.68523948825895786285400390625000000         -0.81466747291302288     
   3.69501465931534767150878906250000000         -0.80838973571674189     
   3.70478983037173748016357421875000000         -0.80210176990149085     
   3.71456500142812728881835937500000000         -0.79580563362288248     
   3.72434017248451709747314453125000000         -0.78950327527772446     
   3.73411534354090690612792968750000000         -0.78319653154471547     
   3.74389051459729671478271484375000000         -0.77688712561022077     
   3.75366568565368652343750000000000000         -0.77057666558125848     
   3.76344085671007633209228515625000000         -0.76426664308753511     
   3.77321602776646614074707031250000000         -0.75795843207410363     
   3.78299119882285594940185546875000000         -0.75165328778591278     
   3.79276636987924575805664062500000000         -0.74535234594524136     
   3.80254154093563556671142578125000000         -0.73905662212272094     
   3.81231671199202537536621093750000000         -0.73276701130235877     
   3.82209188304841518402099609375000000         -0.72648428764068940     
   3.83186705410480499267578125000000000         -0.72020910441989194     
   3.84164222516119480133056640625000000         -0.71394199419442628     
   3.85141739621758460998535156250000000         -0.70768336913045260     
   3.86119256727397441864013671875000000         -0.70143352153701610     
   3.87096773833036422729492187500000000         -0.69519262458769837     
   3.88074290938675403594970703125000000         -0.68896073323115348     
   3.89051808044314384460449218750000000         -0.68273778528867302     
   3.90029325149953365325927734375000000         -0.67652360273665202     
   3.91006842255592346191406250000000000         -0.67031789317155066     
   3.91984359361231327056884765625000000         -0.66412025145469178     
   3.92961876466870307922363281250000000         -0.65793016153396344     
   3.93939393572509288787841796875000000         -0.65174699843924477     
   3.94916910678148269653320312500000000         -0.64557003044811490     
   3.95894427783787250518798828125000000         -0.63939842141817116     
   3.96871944889426231384277343750000000         -0.63323123328202646     
   3.97849461995065212249755859375000000         -0.62706742870083498     
   3.98826979100704193115234375000000000         -0.62090587387196083     
   3.99804496206343173980712890625000000         -0.61474534148618365     
   4.00782013311982154846191406250000000         -0.60858451382962708     
   4.01759530417621135711669921875000000         -0.60242198602538022     
   4.02737047523260116577148437500000000         -0.59625626940959209     
   4.03714564628899097442626953125000000         -0.59008579503662684     
   4.04692081734538078308105468750000000         -0.58390891730767969     
   4.05669598840177059173583984375000000         -0.57772391771708698     
   4.06647115945816040039062500000000000         -0.57152900871039269     
   4.07624633051455020904541015625000000         -0.56532233764808382     
   4.08602150157094001770019531250000000         -0.55910199086875179     
   4.09579667262732982635498046875000000         -0.55286599784530954     
   4.10557184368371963500976562500000000         -0.54661233542775389     
   4.11534701474010944366455078125000000         -0.54033893216585893     
   4.12512218579649925231933593750000000         -0.53404367270506237     
   4.13489735685288906097412109375000000         -0.52772440224872141     
   4.14467252790927886962890625000000000         -0.52137893107981692     
   4.15444769896566867828369140625000000         -0.51500503913511486     
   4.16422287002205848693847656250000000         -0.50860048062471774     
   4.17399804107844829559326171875000000         -0.50216298868989173     
   4.18377321213483810424804687500000000         -0.49569028009199645     
   4.19354838319122791290283203125000000         -0.48918005992532276     
   4.20332355424761772155761718750000000         -0.48263002634660235     
   4.21309872530400753021240234375000000         -0.47603787531395497     
   4.22287389636039733886718750000000000         -0.46940130532802132     
   4.23264906741678714752197265625000000         -0.46271802216804270     
   4.24242423847317695617675781250000000         -0.45598574361566591     
   4.25219940952956676483154296875000000         -0.44920220415927820     
   4.26197458058595657348632812500000000         -0.44236515967171419     
   4.27174975164234638214111328125000000         -0.43547239205423049     
   4.28152492269873619079589843750000000         -0.42852171383969273     
   4.29130009375512599945068359375000000         -0.42151097274800509     
   4.30107526481151580810546875000000000         -0.41443805618687324     
   4.31085043586790561676025390625000000         -0.40730089569109890     
   4.32062560692429542541503906250000000         -0.40009747129368933     
   4.33040077798068523406982421875000000         -0.39282581582218595     
   4.34017594903707504272460937500000000         -0.38548401911372709     
   4.34995112009346485137939453125000000         -0.37807023214249108     
   4.35972629114985466003417968750000000         -0.37058267105330567     
   4.36950146220624446868896484375000000         -0.36301962109535213     
   4.37927663326263427734375000000000000         -0.35537944045004999     
   4.38905180431902408599853515625000000         -0.34766056394737366     
   4.39882697537541389465332031250000000         -0.33986150666501774     
   4.40860214643180370330810546875000000         -0.33198086740502009     
   4.41837731748819351196289062500000000         -0.32401733204262395     
   4.42815248854458332061767578125000000         -0.31596967674237120     
   4.43792765960097312927246093750000000         -0.30783677103660811     
   4.44770283065736293792724609375000000         -0.29961758076180534     
   4.45747800171375274658203125000000000         -0.29131117084830255     
   4.46725317277014255523681640625000000         -0.28291670795931334     
   4.47702834382653236389160156250000000         -0.27443346297525245     
   4.48680351488292217254638671875000000         -0.26586081331968675     
   4.49657868593931198120117187500000000         -0.25719824512344042     
   4.50635385699570178985595703125000000         -0.24844535522363886     
   4.51612902805209159851074218750000000         -0.23960185299471826     
   4.52590419910848140716552734375000000         -0.23066756200868022     
   4.53567937016487121582031250000000000         -0.22164242152213454     
   4.54545454122126102447509765625000000         -0.21252648778792022     
   4.55522971227765083312988281250000000         -0.20331993518937130     
   4.56500488333404064178466796875000000         -0.19402305719555024     
   4.57478005439043045043945312500000000         -0.18463626713604181     
   4.58455522544682025909423828125000000         -0.17516009879417593     
   4.59433039650321006774902343750000000         -0.16559520681780548     
   4.60410556755959987640380859375000000         -0.15594236694705516     
   4.61388073861598968505859375000000000         -0.14620247605871350     
   4.62365590967237949371337890625000000         -0.13637655202722521     
   4.63343108072876930236816406250000000         -0.12646573340250888     
   4.64320625178515911102294921875000000         -0.11647127890509729     
   4.65298142284154891967773437500000000         -0.10639456673937248     
   4.66275659389793872833251953125000000          -9.6237093725936029E-002
   4.67253176495432853698730468750000000          -8.6000474254421366E-002
   4.68230693601071834564208984375000000          -7.5686439058327948E-002
   4.69208210706710815429687500000000000          -6.5296833813713984E-002
   4.70185727812349796295166015625000000          -5.4833617563851411E-002
   4.71163244917988777160644531250000000          -4.4298860972201370E-002
   4.72140762023627758026123046875000000          -3.3694744406324084E-002
   4.73118279129266738891601562500000000          -2.3023555855587630E-002
   4.74095796234905719757080078125000000          -1.2287688685786946E-002
   4.75073313340544700622558593750000000          -1.4896392340223441E-003
   4.76050830446183681488037109375000000           9.3679957525709123E-003
   4.77028347551822662353515625000000000           2.0282521830425893E-002
   4.78005864657461643218994140625000000           3.1251149721432503E-002
   4.78983381763100624084472656250000000           4.2270998318852004E-002
   4.79960898868739604949951171875000000           5.3339097832775961E-002
   4.80938415974378585815429687500000000           6.4452393070451253E-002
   4.81915933080017566680908203125000000           7.5607746846586527E-002
   4.82893450185656547546386718750000000           8.6801943518568403E-002
   4.83870967291295528411865234375000000           9.8031692641328244E-002
   4.84848484396934509277343750000000000          0.10929363273642495     
   4.85826001502573490142822265625000000          0.12058433516974122     
   4.86803518608212471008300781250000000          0.13190030813202913     
   4.87781035713851451873779296875000000          0.14323800071639131     
   4.88758552819490432739257812500000000          0.15459380708663811     
   4.89736069925129413604736328125000000          0.16596407073033048     
   4.90713587030768394470214843750000000          0.17734508879019154     
   4.91691104136407375335693359375000000          0.18873311646745397     
   4.92668621242046356201171875000000000          0.20012437149060641     
   4.93646138347685337066650390625000000          0.21151503864290414     
   4.94623655453324317932128906250000000          0.22290127434192214     
   4.95601172558963298797607421875000000          0.23427921126435564     
   4.96578689664602279663085937500000000          0.24564496300920166     
   4.97556206770241260528564453125000000          0.25699462879240281     
   4.98533723875880241394042968750000000          0.26832429816598535     
   4.99511240981519222259521484375000000          0.27963005575469135     
   5.00488758087158203125000000000000000          0.29090798600307377     
   5.01466275192797183990478515625000000          0.30215417792601296     
   5.02443792298436164855957031250000000          0.31336472985560637     
   5.03421309404075145721435546875000000          0.32453575417738667     
   5.04398826509714126586914062500000000          0.33566338204884361     
   5.05376343615353107452392578125000000          0.34674376809324736     
   5.06353860720992088317871093750000000          0.35777309506180965     
   5.07331377826631069183349609375000000          0.36874757845726469     
   5.08308894932270050048828125000000000          0.37966347111201082     
   5.09286412037909030914306640625000000          0.39051706771401740     
   5.10263929143548011779785156250000000          0.40130470927378270     
   5.11241446249186992645263671875000000          0.41202278752571259     
   5.12218963354825973510742187500000000          0.42266774925738732     
   5.13196480460464954376220703125000000          0.43323610056029183     
   5.14173997566103935241699218750000000          0.44372441099569793     
   5.15151514671742916107177734375000000          0.45412931766951375     
   5.16129031777381896972656250000000000          0.46444752921005167     
   5.17106548883020877838134765625000000          0.47467582964280469     
   5.18084065988659858703613281250000000          0.48481108215647850     
   5.19061583094298839569091796875000000          0.49485023275468365     
   5.20039100199937820434570312500000000          0.50479031378786121     
   5.21016617305576801300048828125000000          0.51462844736019442     
   5.21994134411215782165527343750000000          0.52436184860644108     
   5.22971651516854763031005859375000000          0.53398782883381279     
   5.23949168622493743896484375000000000          0.54350379852423247     
   5.24926685728132724761962890625000000          0.55290727019249719     
   5.25904202833771705627441406250000000          0.56219586109609843     
   5.26881719939410686492919921875000000          0.57136729579266143     
   5.27859237045049667358398437500000000          0.58041940854119567     
   5.28836754150688648223876953125000000          0.58935014554357745     
   5.29814271256327629089355468750000000          0.59815756702292344     
   5.30791788361966609954833984375000000          0.60683984913575417     
   5.31769305467605590820312500000000000          0.61539528571509095     
   5.32746822573244571685791015625000000          0.62382228984188370     
   5.33724339678883552551269531250000000          0.63211939524241889     
   5.34701856784522533416748046875000000          0.64028525750961351     
   5.35679373890161514282226562500000000          0.64831865514636411     
   5.36656890995800495147705078125000000          0.65621849042938518     
   5.37634408101439476013183593750000000          0.66398379009222974     
   5.38611925207078456878662109375000000          0.67161370582646485     
   5.39589442312717437744140625000000000          0.67910751460023300     
   5.40566959418356418609619140625000000          0.68646461879371057     
   5.41544476523995399475097656250000000          0.69368454615123976     
   5.42521993629634380340576171875000000          0.70076694955018981     
   5.43499510735273361206054687500000000          0.70771160658686660     
   5.44477027840912342071533203125000000          0.71451841898007273     
   5.45454544946551322937011718750000000          0.72118741179318302     
   5.46432062052190303802490234375000000          0.72771873247587193     
   5.47409579157829284667968750000000000          0.73411264972690893     
   5.48387096263468265533447265625000000          0.74036955217968314     
   5.49364613369107246398925781250000000          0.74648994691240733     
   5.50342130474746227264404296875000000          0.75247445778519750     
   5.51319647580385208129882812500000000          0.75832382360648642     
   5.52297164686024188995361328125000000          0.76403889613148990     
   5.53274681791663169860839843750000000          0.76962063789568924     
   5.54252198897302150726318359375000000          0.77507011988654673     
   5.55229716002941131591796875000000000          0.78038851905690987     
   5.56207233108580112457275390625000000          0.78557711568379884     
   5.57184750214219093322753906250000000          0.79063729057650667     
   5.58162267319858074188232421875000000          0.79557052213816526     
   5.59139784425497055053710937500000000          0.80037838328515387     
   5.60117301531136035919189453125000000          0.80506253822894169     
   5.61094818636775016784667968750000000          0.80962473912516086     
   5.62072335742413997650146484375000000          0.81406682259491348     
   5.63049852848052978515625000000000000          0.81839070612350673     
   5.64027369953691959381103515625000000          0.82259838434199473     
   5.65004887059330940246582031250000000          0.82669192519708956     
   5.65982404164969921112060546875000000          0.83067346601517533     
   5.66959921270608901977539062500000000          0.83454520946631261     
   5.67937438376247882843017578125000000          0.83830941943428650     
   5.68914955481886863708496093750000000          0.84196841679889101     
   5.69892472587525844573974609375000000          0.84552457513677648     
   5.70869989693164825439453125000000000          0.84898031634732007     
   5.71847506798803806304931640625000000          0.85233810621009254     
   5.72825023904442787170410156250000000          0.85560044988060313     
   5.73802541010081768035888671875000000          0.85876988733110926     
   5.74780058115720748901367187500000000          0.86184898874335036     
   5.75757575221359729766845703125000000          0.86484034986016822     
   5.76735092326998710632324218750000000          0.86774658730302001     
   5.77712609432637691497802734375000000          0.87057033386246374     
   5.78690126538276672363281250000000000          0.87331423376874084     
   5.79667643643915653228759765625000000          0.87598093794961296     
   5.80645160749554634094238281250000000          0.87857309928264293     
   5.81622677855193614959716796875000000          0.88109336784912418     
   5.82600194960832595825195312500000000          0.88354438619686759     
   5.83577712066471576690673828125000000          0.88592878461905089     
   5.84555229172110557556152343750000000          0.88824917645632073     
   5.85532746277749538421630859375000000          0.89050815342931189     
   5.86510263383388519287109375000000000          0.89270828100871003     
   5.87487780489027500152587890625000000          0.89485209382993758     
   5.88465297594666481018066406250000000          0.89694209115948786     
   5.89442814700305461883544921875000000          0.89898073241985987     
   5.90420331805944442749023437500000000          0.90097043277997080     
   5.91397848911583423614501953125000000          0.90291355881783697     
   5.92375366017222404479980468750000000          0.90481242426220843     
   5.93352883122861385345458984375000000          0.90666928581973993     
   5.94330400228500366210937500000000000          0.90848633909416532     
   5.95307917334139347076416015625000000          0.91026571460380201     
   5.96285434439778327941894531250000000          0.91200947390359022     
   5.97262951545417308807373046875000000          0.91371960581771305     
   5.98240468651056289672851562500000000          0.91539802278869353     
   5.99217985756695270538330078125000000          0.91704655734870022     
   6.00195502862334251403808593750000000          0.91866695871861326     
   6.01173019967973232269287109375000000          0.92026088954023111     
   6.02150537073612213134765625000000000          0.92182992274679865     
   6.03128054179251194000244140625000000          0.92337553857684529     
   6.04105571284890174865722656250000000          0.92489912173611288     
   6.05083088390529155731201171875000000          0.92640195871214537     
   6.06060605496168136596679687500000000          0.92788523524588240     
   6.07038122601807117462158203125000000          0.92935003396438631     
   6.08015639707446098327636718750000000          0.93079733217858629     
   6.08993156813085079193115234375000000          0.93222799984968974     
   6.09970673918724060058593750000000000          0.93364279772767000     
   6.10948191024363040924072265625000000          0.93504237566497905     
   6.11925708130002021789550781250000000          0.93642727110838941     
   6.12903225235641002655029296875000000          0.93779790777160410     
   6.13880742341279983520507812500000000          0.93915459449100580     
   6.14858259446918964385986328125000000          0.94049752426665734     
   6.15835776552557945251464843750000000          0.94182677349038624     
   6.16813293658196926116943359375000000          0.94314230136251320     
   6.17790810763835906982421875000000000          0.94444394949850785     
   6.18768327869474887847900390625000000          0.94573144172657408     
   6.19745844975113868713378906250000000          0.94700438407688425     
   6.20723362080752849578857421875000000          0.94826226496290267     
   6.21700879186391830444335937500000000          0.94950445555494389     
   6.22678396292030811309814453125000000          0.95073021034583993     
   6.23655913397669792175292968750000000          0.95193866790828996     
   6.24633430503308773040771484375000000          0.95312885184319196     
   6.25610947608947753906250000000000000          0.95429967191796550     
   6.26588464714586734771728515625000000          0.95544992539358520     
   6.27565981820225715637207031250000000          0.95657829853877629     
   6.28543498925864696502685546875000000          0.95768336832952361     
   6.29521016031503677368164062500000000          0.95876360433178176     
   6.30498533137142658233642578125000000          0.95981737076498774     
   6.31476050242781639099121093750000000          0.96084292874370758     
   6.32453567348420619964599609375000000          0.96183843869447894     
   6.33431084454059600830078125000000000          0.96280196294464238     
   6.34408601559698581695556640625000000          0.96373146847969049     
   6.35386118665337562561035156250000000          0.96462482986541365     
   6.36363635770976543426513671875000000          0.96547983233085688     
   6.37341152876615524291992187500000000          0.96629417500786385     
   6.38318669982254505157470703125000000          0.96706547432273648     
   6.39296187087893486022949218750000000          0.96779126753530531     
   6.40273704193532466888427734375000000          0.96846901642047367     
   6.41251221299171447753906250000000000          0.96909611108707860     
   6.42228738404810428619384765625000000          0.96966987392868986     
   6.43206255510449409484863281250000000          0.97018756370076842     
   6.44183772616088390350341796875000000          0.97064637971839640     
   6.45161289721727371215820312500000000          0.97104346616859871     
   6.46138806827366352081298828125000000          0.97137591653110000     
   6.47116323933005332946777343750000000          0.97164077810117178     
   6.48093841038644313812255859375000000          0.97183505660806624     
   6.49071358144283294677734375000000000          0.97195572092237303     
   6.50048875249922275543212890625000000          0.97199970784548118     
   6.51026392355561256408691406250000000          0.97196392697419975     
   6.52003909461200237274169921875000000          0.97184526563344742     
   6.52981426566839218139648437500000000          0.97164059386981338     
   6.53958943672478199005126953125000000          0.97134676949867615     
   6.54936460778117179870605468750000000          0.97096064319746878     
   6.55913977883756160736083984375000000          0.97047906363759173     
   6.56891494989395141601562500000000000          0.96989888264739665     
   6.57869012095034122467041015625000000          0.96921696039859317     
   6.58846529200673103332519531250000000          0.96843017060838310     
   6.59824046306312084197998046875000000          0.96753540574957220     
   6.60801563411951065063476562500000000          0.96652958226088193     
   6.61779080517590045928955078125000000          0.96540964574965726     
   6.62756597623229026794433593750000000          0.96417257617915830     
   6.63734114728868007659912109375000000          0.96281539303261798     
   6.64711631834506988525390625000000000          0.96133516044626988     
   6.65689148940145969390869140625000000          0.95972899230355468     
   6.66666666045784950256347656250000000          0.95799405728276876     
   6.67644183151423931121826171875000000          0.95612758385044838     
   6.68621700257062911987304687500000000          0.95412686519284184     
   6.69599217362701892852783203125000000          0.95198926407789830     
   6.70576734468340873718261718750000000          0.94971221764026525     
   6.71554251573979854583740234375000000          0.94729324208189558     
   6.72531768679618835449218750000000000          0.94472993728094701     
   6.73509285785257816314697265625000000          0.94201999130178149     
   6.74486802890896797180175781250000000          0.93916118479898714     
   6.75464319996535778045654296875000000          0.93615139530848512     
   6.76441837102174758911132812500000000          0.93298860141891771     
   6.77419354207813739776611328125000000          0.92967088681667631     
   6.78396871313452720642089843750000000          0.92619644419808533     
   6.79374388419091701507568359375000000          0.92256357904243558     
   6.80351905524730682373046875000000000          0.91877071323973947     
   6.81329422630369663238525390625000000          0.91481638856727865     
   6.82306939736008644104003906250000000          0.91069927000920559     
   6.83284456841647624969482421875000000          0.90641814891368599     
   6.84261973947286605834960937500000000          0.90197194598227148     
   6.85239491052925586700439453125000000          0.89735971408643145     
   6.86217008158564567565917968750000000          0.89258064090640032     
   6.87194525264203548431396484375000000          0.88763405138774565     
   6.88172042369842529296875000000000000          0.88251941001130230     
   6.89149559475481510162353515625000000          0.87723632287239017     
   6.90127076581120491027832031250000000          0.87178453956547863     
   6.91104593686759471893310546875000000          0.86616395487074826     
   6.92082110792398452758789062500000000          0.86037461023926065     
   6.93059627898037433624267578125000000          0.85441669507374218     
   6.94037145003676414489746093750000000          0.84829054780226187     
   6.95014662109315395355224609375000000          0.84199665674238633     
   6.95992179214954376220703125000000000          0.83553566075368013     
   6.96969696320593357086181640625000000          0.82890834967672733     
   6.97947213426232337951660156250000000          0.82211566455714813     
   6.98924730531871318817138671875000000          0.81515869765339410     
   6.99902247637510299682617187500000000          0.80803869222741453     
   7.00879764743149280548095703125000000          0.80075704211759247     
   7.01857281848788261413574218750000000          0.79331529109367094     
   7.02834798954427242279052734375000000          0.78571513199369547     
   7.03812316060066223144531250000000000          0.77795840564332330     
   7.04789833165705204010009765625000000          0.77004709955815720     
   7.05767350271344184875488281250000000          0.76198334643008381     
   7.06744867376983165740966796875000000          0.75376942239891009     
   7.07722384482622146606445312500000000          0.74540774511090713     
   7.08699901588261127471923828125000000          0.73690087156618267     
   7.09677418693900108337402343750000000          0.72825149575711678     
   7.10654935799539089202880859375000000          0.71946244610040644     
   7.11632452905178070068359375000000000          0.71053668266556780     
   7.12609970010817050933837890625000000          0.70147729420305427     
   7.13587487116456031799316406250000000          0.69228749497544451     
   7.14565004222095012664794921875000000          0.68297062139545406     
   7.15542521327733993530273437500000000          0.67353012847481697     
   7.16520038433372974395751953125000000          0.66396958608836876     
   7.17497555539011955261230468750000000          0.65429267505794753     
   7.18475072644650936126708984375000000          0.64450318306100507     
   7.19452589750289916992187500000000000          0.63460500036909140     
   7.20430106855928897857666015625000000          0.62460211542164212     
   7.21407623961567878723144531250000000          0.61449861024074992     
   7.22385141067206859588623046875000000          0.60429865569286312     
   7.23362658172845840454101562500000000          0.59400650660358301     
   7.24340175278484821319580078125000000          0.58362649673198064     
   7.25317692384123802185058593750000000          0.57316303361106946     
   7.26295209489762783050537109375000000          0.56262059326129710     
   7.27272726595401763916015625000000000          0.55200371478412014     
   7.28250243701040744781494140625000000          0.54131699484293794     
   7.29227760806679725646972656250000000          0.53056508203883657     
   7.30205277912318706512451171875000000          0.51975267118878821     
   7.31182795017957687377929687500000000          0.50888449751411702     
   7.32160312123596668243408203125000000          0.49796533074719729     
   7.33137829229235649108886718750000000          0.48699996916450822     
   7.34115346334874629974365234375000000          0.47599323355430423     
   7.35092863440513610839843750000000000          0.46494996112728271     
   7.36070380546152591705322265625000000          0.45387499937875753     
   7.37047897651791572570800781250000000          0.44277319991093761     
   7.38025414757430553436279296875000000          0.43164941222401920     
   7.39002931863069534301757812500000000          0.42050847748486303     
   7.39980448968708515167236328125000000          0.40935522228211496     
   7.40957966074347496032714843750000000          0.39819445237666701     
   7.41935483179986476898193359375000000          0.38703094645641900     
   7.42913000285625457763671875000000000          0.37586944990431548     
   7.43890517391264438629150390625000000          0.36471466858866686     
   7.44868034496903419494628906250000000          0.35357126268475880     
   7.45845551602542400360107421875000000          0.34244384053675780     
   7.46823068708181381225585937500000000          0.33133695256889739     
   7.47800585813820362091064453125000000          0.32025508525490054     
   7.48778102919459342956542968750000000          0.30920265515454820     
   7.49755620025098323822021484375000000          0.29818400302625375     
   7.50733137130737304687500000000000000          0.28720338802442463     
   7.51710654236376285552978515625000000          0.27626498199032518     
   7.52688171342015266418457031250000000          0.26537286384504399     
   7.53665688447654247283935546875000000          0.25453101409308049     
   7.54643205553293228149414062500000000          0.24374330944493461     
   7.55620722658932209014892578125000000          0.23301351756695959     
   7.56598239764571189880371093750000000          0.22234529196659292     
   7.57575756870210170745849609375000000          0.21174216702092818     
   7.58553273975849151611328125000000000          0.20120755315642314     
   7.59530791081488132476806640625000000          0.19074473218736421     
   7.60508308187127113342285156250000000          0.18035685282051533     
   7.61485825292766094207763671875000000          0.17004692633318447     
   7.62463342398405075073242187500000000          0.15981782243172737     
   7.63440859504044055938720703125000000          0.14967226529728839     
   7.64418376609683036804199218750000000          0.13961282982534468     
   7.65395893715322017669677734375000000          0.12964193806538604     
   7.66373410820960998535156250000000000          0.11976185586680249     
   7.67350927926599979400634765625000000          0.10997468973679625     
   7.68328445032238960266113281250000000          0.10028238391586775     
   7.69305962137877941131591796875000000           9.0686717676141448E-002
   7.70283479243516921997070312500000000           8.1189302847517297E-002
   7.71260996349155902862548828125000000           7.1791581576331698E-002
   7.72238513454794883728027343750000000           6.2494824320917630E-002
   7.73216030560433864593505859375000000           5.3300128088140941E-002
   7.74193547666072845458984375000000000           4.4208414914668648E-002
   7.75171064771711826324462890625000000           3.5220430596415220E-002
   7.76148581877350807189941406250000000           2.6336743669268137E-002
   7.77126098982989788055419921875000000           1.7557744643875106E-002
   7.78103616088628768920898437500000000           8.8836454969239420E-003
   7.79081133194267749786376953125000000           3.1447942101114901E-004
   7.80058650299906730651855468750000000          -8.1498991651609565E-003
   7.81036167405545711517333984375000000          -1.6509814344862650E-002
   7.82013684511184692382812500000000000          -2.4765768168658664E-002
   7.82991201616823673248291015625000000          -3.2918439856290671E-002
   7.83968718722462654113769531250000000          -4.0968684734807970E-002
   7.84946235828101634979248046875000000          -4.8917532912989281E-002
   7.85923752933740615844726562500000000          -5.6766187692462056E-002
   7.86901270039379596710205078125000000          -6.4516023716298943E-002
   7.87878787145018577575683593750000000          -7.2168584856226792E-002
   7.88856304250657558441162109375000000          -7.9725581839951987E-002
   7.89833821356296539306640625000000000          -8.7188889620477439E-002
   7.90811338461935520172119140625000000          -9.4560544489635245E-002
   7.91788855567574501037597656250000000         -0.10184274093843809     
   7.92766372673213481903076171875000000         -0.10903782826720121     
   7.93743889778852462768554687500000000         -0.11614830694874628     
   7.94721406884491443634033203125000000         -0.12317682474835923     
   7.95698923990130424499511718750000000         -0.13012617260451492     
   7.96676441095769405364990234375000000         -0.13699928027473696     
   7.97653958201408386230468750000000000         -0.14379921175130295     
   7.98631475307047367095947265625000000         -0.15052916045183451     
   7.99608992412686347961425781250000000         -0.15719244419015638     
   8.00586509518325328826904296875000000         -0.16379249993312511     
   8.01564026623964309692382812500000000         -0.17033287834945104     
   8.02541543729603290557861328125000000         -0.17681723815685546     
   8.03519060835242271423339843750000000         -0.18324934027419870     
   8.04496577940881252288818359375000000         -0.18963304178552742     
   8.05474095046520233154296875000000000         -0.19597228972326985     
   8.06451612152159214019775390625000000         -0.20227111467809072     
   8.07429129257798194885253906250000000         -0.20853362424319555     
   8.08406646363437175750732421875000000         -0.21476399630113130     
   8.09384163469076156616210937500000000         -0.22096647216138571     
   8.10361680574715137481689453125000000         -0.22714534955733556     
   8.11339197680354118347167968750000000         -0.23330497551131879     
   8.12316714785993099212646484375000000         -0.23944973907683903     
   8.13294231891632080078125000000000000         -0.24558406396711030     
   8.14271748997271060943603515625000000         -0.25171240107935905     
   8.15249266102910041809082031250000000         -0.25783922092448447     
   8.16226783208549022674560546875000000         -0.26396900597185563     
   8.17204300314188003540039062500000000         -0.27010624291918511     
   8.18181817419826984405517578125000000         -0.27625541489757471     
   8.19159334525465965270996093750000000         -0.28242099362196327     
   8.20136851631104946136474609375000000         -0.28860743149733392     
   8.21114368736743927001953125000000000         -0.29481915369115064     
   8.22091885842382907867431640625000000         -0.30106055018259087     
   8.23069402948021888732910156250000000         -0.30733596779922739     
   8.24046920053660869598388671875000000         -0.31364970225188810     
   8.25024437159299850463867187500000000         -0.32000599017846648     
   8.26001954264938831329345703125000000         -0.32640900120752220     
   8.26979471370577812194824218750000000         -0.33286283005251166     
   8.27956988476216793060302734375000000         -0.33937148864753042     
   8.28934505581855773925781250000000000         -0.34593889833543412     
   8.29912022687494754791259765625000000         -0.35256888211919257     
   8.30889539793133735656738281250000000         -0.35926515698731365     
   8.31867056898772716522216796875000000         -0.36603132632411706     
   8.32844574004411697387695312500000000         -0.37287087241559497     
   8.33822091110050678253173828125000000         -0.37978714906151634     
   8.34799608215689659118652343750000000         -0.38678337430435011     
   8.35777125321328639984130859375000000         -0.39386262328548527     
   8.36754642426967620849609375000000000         -0.40102782123910502     
   8.37732159532606601715087890625000000         -0.40828173663395528     
   8.38709676638245582580566406250000000         -0.41562697447309516     
   8.39687193743884563446044921875000000         -0.42306596976157163     
   8.40664710849523544311523437500000000         -0.43060098115178208     
   8.41642227955162525177001953125000000         -0.43823408477611731     
   8.42619745060801506042480468750000000         -0.44596716827627009     
   8.43597262166440486907958984375000000         -0.45380192503839489     
   8.44574779272079467773437500000000000         -0.46173984864307915     
   8.45552296377718448638916015625000000         -0.46978222753885318     
   8.46529813483357429504394531250000000         -0.47793013994771716     
   8.47507330588996410369873046875000000         -0.48618444901091207     
   8.48484847694635391235351562500000000         -0.49454579818288247     
   8.49462364800274372100830078125000000         -0.50301460688110744     
   8.50439881905913352966308593750000000         -0.51159106639917162     
   8.51417399011552333831787109375000000         -0.52027513609016152     
   8.52394916117191314697265625000000000         -0.52906653982713836     
   8.53372433222830295562744140625000000         -0.53796476274713767     
   8.54349950328469276428222656250000000         -0.54696904828479187     
   8.55327467434108257293701171875000000         -0.55607839550134686     
   8.56304984539747238159179687500000000         -0.56529155671447984     
   8.57282501645386219024658203125000000         -0.57460703543397573     
   8.58260018751025199890136718750000000         -0.58402308460794616     
   8.59237535856664180755615234375000000         -0.59353770518390425     
   8.60215052962303161621093750000000000         -0.60314864498862231     
   8.61192570067942142486572265625000000         -0.61285339793031823     
   8.62170087173581123352050781250000000         -0.62264920352631326     
   8.63147604279220104217529296875000000         -0.63253304675891453     
   8.64125121384859085083007812500000000         -0.64250165826185901     
   8.65102638490498065948486328125000000         -0.65255151483925855     
   8.66080155596137046813964843750000000         -0.66267884031856095     
   8.67057672701776027679443359375000000         -0.67287960673863501     
   8.68035189807415008544921875000000000         -0.68314953587365956     
   8.69012706913053989410400390625000000         -0.69348410109307956     
   8.69990224018692970275878906250000000         -0.70387852955746666     
   8.70967741124331951141357421875000000         -0.71432780474969360     
   8.71945258229970932006835937500000000         -0.72482666934040951     
   8.72922775335609912872314453125000000         -0.73536962838637510     
   8.73900292441248893737792968750000000         -0.74595095285978597     
   8.74877809546887874603271484375000000         -0.75656468350629580     
   8.75855326652526855468750000000000000         -0.76720463502901715     
   8.76832843758165836334228515625000000         -0.77786440059536099     
   8.77810360863804817199707031250000000         -0.78853735666315738     
   8.78787877969443798065185546875000000         -0.79921666812207603     
   8.79765395075082778930664062500000000         -0.80989529374595937     
   8.80742912180721759796142578125000000         -0.82056599195126967     
   8.81720429286360740661621093750000000         -0.83122132685644123     
   8.82697946391999721527099609375000000         -0.84185367463653904     
   8.83675463497638702392578125000000000         -0.85245523016722480     
   8.84652980603277683258056640625000000         -0.86301801395164168     
   8.85630497708916664123535156250000000         -0.87353387932345894     
   8.86608014814555644989013671875000000         -0.88399451991892686     
   8.87585531920194625854492187500000000         -0.89439147741044611     
   8.88563049025833606719970703125000000         -0.90471614949377910     
   8.89540566131472587585449218750000000         -0.91495979812069417     
   8.90518083237111568450927734375000000         -0.92511355796849115     
   8.91495600342750549316406250000000000         -0.93516844513751762     
   8.92473117448389530181884765625000000         -0.94511536606747915     
   8.93450634554028511047363281250000000         -0.95494512666302334     
   8.94428151659667491912841796875000000         -0.96464844161878860     
   8.95405668765306472778320312500000000         -0.97421594393381006     
   8.96383185870945453643798828125000000         -0.98363819460491175     
   8.97360702976584434509277343750000000         -0.99290569248843541     
   8.98338220082223415374755859375000000          -1.0020088843194210     
   8.99315737187862396240234375000000000          -1.0109381748770956     
   9.00293254293501377105712890625000000          -1.0196839372853221     
   9.01270771399140357971191406250000000          -1.0282365234364284     
   9.02248288504779338836669921875000000          -1.0365862745266519     
   9.03225805610418319702148437500000000          -1.0447235316912435     
   9.04203322716057300567626953125000000          -1.0526386467271038     
   9.05180839821696281433105468750000000          -1.0603219928906737     
   9.06158356927335262298583984375000000          -1.0677639757586537     
   9.07135874032974243164062500000000000          -1.0749550441390059     
   9.08113391138613224029541015625000000          -1.0818857010195784     
   9.09090908244252204895019531250000000          -1.0885465145415931     
   9.10068425349891185760498046875000000          -1.0949281289851687     
   9.11045942455530166625976562500000000          -1.1010212757539706     
   9.12023459561169147491455078125000000          -1.1068167843460444     
   9.13000976666808128356933593750000000          -1.1123055932978467     
   9.13978493772447109222412109375000000          -1.1174787610884760     
   9.14956010878086090087890625000000000          -1.1223274769911054     
   9.15933527983725070953369140625000000          -1.1268430718586240     
   9.16911045089364051818847656250000000          -1.1310170288305419     
   9.17888562195003032684326171875000000          -1.1348409939482440     
   9.18866079300642013549804687500000000          -1.1383067866657506     
   9.19843596406280994415283203125000000          -1.1414064102432184     
   9.20821113511919975280761718750000000          -1.1441320620105107     
   9.21798630617558956146240234375000000          -1.1464761434882753     
   9.22776147723197937011718750000000000          -1.1484312703540989     
   9.23753664828836917877197265625000000          -1.1499902822414398     
   9.24731181934475898742675781250000000          -1.1511462523592102     
   9.25708699040114879608154296875000000          -1.1518924969200395     
   9.26686216145753860473632812500000000          -1.1522225843654486     
   9.27663733251392841339111328125000000          -1.1521303443763593     
   9.28641250357031822204589843750000000          -1.1516098766575840     
   9.29618767462670803070068359375000000          -1.1506555594851722     
   9.30596284568309783935546875000000000          -1.1492620580057369     
   9.31573801673948764801025390625000000          -1.1474243322771394     
   9.32551318779587745666503906250000000          -1.1451376450401891     
   9.33528835885226726531982421875000000          -1.1423975692112993     
   9.34506352990865707397460937500000000          -1.1391999950863378     
   9.35483870096504688262939453125000000          -1.1355411372462256     
   9.36461387202143669128417968750000000          -1.1314175411551588     
   9.37438904307782649993896484375000000          -1.1268260894426687     
   9.38416421413421630859375000000000000          -1.1217640078610733     
   9.39393938519060611724853515625000000          -1.1162288709102484     
   9.40371455624699592590332031250000000          -1.1102186071219922     
   9.41348972730338573455810546875000000          -1.1037315039966615     
   9.42326489835977554321289062500000000          -1.0967662125851256     
   9.43304006941616535186767578125000000          -1.0893217517094975     
   9.44281524047255516052246093750000000          -1.0813975118164956     
   9.45259041152894496917724609375000000          -1.0729932584577146     
   9.46236558258533477783203125000000000          -1.0641091353915062     
   9.47214075364172458648681640625000000          -1.0547456673015885     
   9.48191592469811439514160156250000000          -1.0449037621279587     
   9.49169109575450420379638671875000000          -1.0345847130061092     
   9.50146626681089401245117187500000000          -1.0237901998110088     
   9.51124143786728382110595703125000000          -1.0125222903027566     
   9.52101660892367362976074218750000000          -1.0007834408712766     
   9.53079177998006343841552734375000000         -0.98857649687788585     
   9.54056695103645324707031250000000000         -0.97590469259203594     
   9.55034212209284305572509765625000000         -0.96277165072198434     
   9.56011729314923286437988281250000000         -0.94918138153864362     
   9.56989246420562267303466796875000000         -0.93513828159230850     
   9.57966763526201248168945312500000000         -0.92064713202245207     
   9.58944280631840229034423828125000000         -0.90571309646124254     
   9.59921797737479209899902343750000000         -0.89034171853191602     
   9.60899314843118190765380859375000000         -0.87453891894360991     
   9.61876831948757171630859375000000000         -0.85831099218473894     
   9.62854349054396152496337890625000000         -0.84166460281745670     
   9.63831866160035133361816406250000000         -0.82460678137622689     
   9.64809383265674114227294921875000000         -0.80714491987398440     
   9.65786900371313095092773437500000000         -0.78928676691983202     
   9.66764417476952075958251953125000000         -0.77104042245267701     
   9.67741934582591056823730468750000000         -0.75241433209566111     
   9.68719451688230037689208984375000000         -0.73341728113669347     
   9.69696968793869018554687500000000000         -0.71405838814082856     
   9.70674485899507999420166015625000000         -0.69434709820067309     
   9.71652003005146980285644531250000000         -0.67429317583143578     
   9.72629520110785961151123046875000000         -0.65390669751764996     
   9.73607037216424942016601562500000000         -0.63319804391901857     
   9.74584554322063922882080078125000000         -0.61217789174323234     
   9.75562071427702903747558593750000000         -0.59085720529401142     
   9.76539588533341884613037109375000000         -0.56924722770300429     
   9.77517105638980865478515625000000000         -0.54735947185455802     
   9.78494622744619846343994140625000000         -0.52520571101273716     
   9.79472139850258827209472656250000000         -0.50279796916032971     
   9.80449656955897808074951171875000000         -0.48014851105991435     
   9.81427174061536788940429687500000000         -0.45726983204740579     
   9.82404691167175769805908203125000000         -0.43417464756880753     
   9.83382208272814750671386718750000000         -0.41087588247121520     
   9.84359725378453731536865234375000000         -0.38738666005940314     
   9.85337242484092712402343750000000000         -0.36372029092961616     
   9.86314759589731693267822265625000000         -0.33989026159244690     
   9.87292276695370674133300781250000000         -0.31591022289694348     
   9.88269793801009654998779296875000000         -0.29179397826832426     
   9.89247310906648635864257812500000000         -0.26755547177190581     
   9.90224828012287616729736328125000000         -0.24320877601605884     
   9.91202345117926597595214843750000000         -0.21876807990720418     
   9.92179862223565578460693359375000000         -0.19424767627003689     
   9.93157379329204559326171875000000000         -0.16966194934633533     
   9.94134896434843540191650390625000000         -0.14502536218585635     
   9.95112413540482521057128906250000000         -0.12035244394295387     
   9.96089930646121501922607421875000000          -9.5657777092669774E-002
   9.97067447751760482788085937500000000          -7.0955984580150649E-002
   9.98044964857399463653564453125000000          -4.6261716917323725E-002
   9.99022481963038444519042968750000000          -2.1589639240833639E-002
   9.99999999068677425384521484375000000           3.0455816547087233E-003
   10.0097751617431640625000000000000000           2.7629290294079595E-002
