  0.99995222339584799     
  0.99980889814859975     
  0.99957003795344257     
  0.99923566563423427     
  0.99880581314132288     
  0.99828052154849312     
  0.99765984104904204     
  0.99694383095098260     
  0.99613255967137693     
  0.99522610472979844     
  0.99422455274092525     
  0.99312799940626295     
  0.99193654950500088     
  0.99065031688399952     
  0.98926942444691257     
  0.98779400414244267     
  0.98622419695173347     
  0.98456015287489840     
  0.98280203091668794     
  0.98094999907129565     
  0.97900423430630623     
  0.97696492254578560     
  0.97483225865251533     
  0.97260644640937255     
  0.97028769849985808     
  0.96787623648777410     
  0.96537229079605247     
  0.96277610068473751     
  0.96008791422812367     
  0.95730798829105146     
  0.95443658850436286     
  0.95147398923952009     
  0.94842047358238757     
  0.94527633330618299     
  0.94204186884359720     
  0.93871738925808668     
  0.93530321221434176     
  0.93179966394793279     
  0.92820707923413692     
  0.92452580135594964     
  0.92075618207128307     
  0.91689858157935378     
  0.91295336848626529     
  0.90892091976978584     
  0.90480162074332782     
  0.90059586501912903     
  0.89630405447064243     
  0.89192659919413519     
  0.88746391746950326     
  0.88291643572030309     
  0.87828458847300539     
  0.87356881831547528     
  0.86876957585468073     
  0.86388731967363630     
  0.85892251628758387     
  0.85387564009941563     
  0.84874717335434324     
  0.84353760609381789     
  0.83824743610870522     
  0.83287716889171970     
  0.82742731758912347     
  0.82189840295169314     
  0.81629095328496082     
  0.81060550439873258     
  0.80484259955589021     
  0.79900278942048053     
  0.79308663200509777     
  0.78709469261756393     
  0.78102754380691142     
  0.77488576530867437     
  0.76866994398949295     
  0.76238067379103647     
  0.75601855567325027     
  0.74958419755693206     
  0.74307821426564336     
  0.73650122746696078     
  0.72985386561307386     
  0.72313676388073456     
  0.71635056411056375     
  0.70949591474572193     
  0.70257347076994747     
  0.69558389364497164     
  0.68852785124731342     
  0.68140601780446186     
  0.67421907383045154     
  0.66696770606083677     
  0.65965260738707288     
  0.65227447679030692     
  0.64483401927458883     
  0.63733194579950558     
  0.62976897321224645     
  0.62214582417910658     
  0.61446322711643353     
  0.60672191612102455     
  0.59892263089998188     
  0.59106611670003084     
  0.58315312423630938     
  0.57518440962063455     
  0.56716073428925395     
  0.55908286493008807     
  0.55095157340947032     
  0.54276763669839301     
  0.53453183679826577     
  0.52624496066619164     
  0.51790780013977211     
  0.50952115186144353     
  0.50108581720235590     
  0.49260260218579888     
  0.48407231741018414     
  0.47549577797158965     
  0.46687380338587497     
  0.45820721751037369     
  0.44949684846517118     
  0.44074352855397536     
  0.43194809418458691     
  0.42311138578897833     
  0.41423424774298767     
  0.40531752828563578     
  0.39636207943807428     
  0.38736875692217249     
  0.37833842007875002     
  0.36927193178546430     
  0.36017015837435995     
  0.35103396954908750     
  0.34186423830180096     
  0.33266184082974026     
  0.32342765645150795     
  0.31416256752304750     
  0.30486745935333115     
  0.29554322011976608     
  0.28619074078332613     
  0.27681091500341737     
  0.26740463905248646     
  0.25797281173037873     
  0.24851633427845499     
  0.23903611029347493     
  0.22953304564125585     
  0.22000804837011392     
  0.21046202862409755     
  0.20089589855601997     
  0.19131057224030024     
  0.18170696558562047     
  0.17208599624740781     
  0.16244858354014952     
  0.15279564834954951     
  0.14312811304453482     
  0.13344690138912021     
  0.12375293845413966     
  0.11404715052885277     
  0.10433046503243490     
   9.4603810425359341E-002
   8.4868116120679848E-002
   7.5124312395222298E-002
   6.5373330300693769E-002
   5.5616101574717476E-002
   4.5853558551802363E-002
   3.6086634074255469E-002
   2.6316261403045885E-002
   1.6543374128628673E-002
   6.7689060817372991E-003
  -3.0062087558468957E-003
  -1.2781036340539637E-002
  -2.2554642656204590E-002
  -3.2326093803401589E-002
  -4.2094456088623743E-002
  -5.1858796113514807E-002
  -6.1618180864058451E-002
  -7.1371677799730665E-002
  -8.1118354942607093E-002
  -9.0857280966416390E-002
 -0.10058752528553158     
 -0.11030815814389036     
 -0.12001825070383640     
 -0.12971687513487265     
 -0.13940310470231859     
 -0.14907601385586267     
 -0.15873467831800167     
 -0.16837817517235826     
 -0.17800558295186877     
 -0.18761598172683219     
 -0.19720845319281249     
 -0.20678208075838558     
 -0.21633594963272240     
 -0.22586914691300033     
 -0.23538076167163383     
 -0.24486988504331655     
 -0.25433561031186636     
 -0.26377703299686489     
 -0.27319325094008368     
 -0.28258336439168813     
 -0.29194647609621160     
 -0.30128169137829103     
 -0.31058811822815596     
 -0.31986486738686315     
 -0.32911105243126776     
 -0.33832578985872425     
 -0.34750819917150777     
 -0.35665740296094844     
 -0.36577252699127089     
 -0.37485270028312978     
 -0.38389705519683526     
 -0.39290472751525818     
 -0.40187485652640920     
 -0.41080658510568241     
 -0.41969905979775635     
 -0.42855143089814446     
 -0.43736285253438695     
 -0.44613248274687678     
 -0.45485948356931150     
 -0.46354302110876366     
 -0.47218226562536197     
 -0.48077639161157554     
 -0.48932457787109374     
 -0.49782600759729434     
 -0.50627986845129191     
 -0.51468535263955917     
 -0.52304165699111460     
 -0.53134798303426789     
 -0.53960353707291642     
 -0.54780753026238549     
 -0.55595917868480482     
 -0.56405770342401473     
 -0.57210233063999394     
 -0.58009229164280218     
 -0.58802682296603159     
 -0.59590516643975788     
 -0.60372656926298573     
 -0.61149028407558226     
 -0.61919556902968853     
 -0.62684168786060646     
 -0.63442790995715059     
 -0.64195351043146065     
 -0.64941777018826707     
 -0.65681997599360220     
 -0.66415942054295307     
 -0.67143540252884570     
 -0.67864722670785782     
 -0.68579420396705137     
 -0.69287565138981955     
 -0.69989089232114166     
 -0.70683925643223977     
 -0.71372007978463059     
 -0.72053270489356691     
 -0.72727648079086271     
 -0.73395076308709495     
 -0.74055491403317697     
 -0.74708830258129777     
 -0.75355030444522064     
 -0.75994030215993524     
 -0.76625768514065895     
 -0.77250184974117975     
 -0.77867219931153708     
 -0.78476814425503305     
 -0.79078910208457065     
 -0.79673449747831226     
 -0.80260376233465325     
 -0.80839633582650627     
 -0.81411166445488992     
 -0.81974920210181723     
 -0.82530841008247902     
 -0.83078875719671708     
 -0.83618971977978207     
 -0.84151078175237126     
 -0.84675143466994174     
 -0.85191117777129333     
 -0.85698951802641887     
 -0.86198597018361400     
 -0.86690005681584514     
 -0.87173130836636847     
 -0.87647926319359848     
 -0.88114346761521833     
 -0.88572347595153134     
 -0.89021885056804706     
 -0.89462916191729835     
 -0.89895398857988607     
 -0.90319291730474727     
 -0.90734554304864246     
 -0.91141146901485903     
 -0.91539030669112620     
 -0.91928167588673870     
 -0.92308520476888500     
 -0.92680052989817774     
 -0.93042729626338083     
 -0.93396515731533225     
 -0.93741377500005807     
 -0.94077281979107430     
 -0.94404197072087426     
 -0.94722091541159814     
 -0.95030935010488182     
 -0.95330697969088163     
 -0.95621351773647334     
 -0.95902868651262174     
 -0.96175221702091818     
 -0.96438384901928487     
 -0.96692333104684114     
 -0.96937042044793187     
 -0.97172488339531371     
 -0.97398649491249845     
 -0.97615503889524935     
 -0.97823030813223177     
 -0.98021210432481187     
 -0.98210023810600533     
 -0.98389452905857167     
 -0.98559480573225355     
 -0.98720090566016006     
 -0.98871267537429008     
 -0.99012997042019724     
 -0.99145265537079275     
 -0.99268060383928614     
 -0.99381369849126144     
 -0.99485183105588937     
 -0.99579490233627288     
 -0.99664282221892531     
 -0.99739550968238155     
 -0.99805289280493970     
 -0.99861490877153314     
 -0.99908150387973327     
 -0.99945263354488045     
 -0.99972826230434453     
 -0.99990836382091319     
 -0.99999292088530889     
 -0.99998192541783248     
 -0.99987537846913654     
 -0.99967329022012363     
 -0.99937567998097432     
 -0.99898257618930186     
 -0.99849401640743463     
 -0.99791004731882738     
 -0.99723072472359997     
 -0.99645611353320585     
 -0.99558628776422953     
 -0.99462133053131385     
 -0.99356133403921820     
 -0.99240639957400834     
 -0.99115663749337779     
 -0.98981216721610288     
 -0.98837311721063215     
 -0.98683962498281041     
 -0.98521183706274007     
 -0.98348990899077937     
 -0.98167400530267990     
 -0.97976429951386512     
 -0.97776097410285001     
 -0.97566422049380497     
 -0.97347423903826424     
 -0.97119123899598214     
 -0.96881543851493723     
 -0.96634706461048769     
 -0.96378635314367955     
 -0.96113354879870883     
 -0.95838890505954177     
 -0.95555268418569328     
 -0.95262515718716734     
 -0.94960660379856110     
 -0.94649731245233515     
 -0.94329758025125332     
 -0.94000771293999297     
 -0.93662802487593078     
 -0.93315883899910412     
 -0.92960048680135399     
 -0.92595330829464884     
 -0.92221765197859651     
 -0.91839387480714307     
 -0.91448234215446500     
 -0.91048342778005675     
 -0.90639751379301636     
 -0.90222499061553441     
 -0.89796625694558696     
 -0.89362171971883964     
 -0.88919179406976301     
 -0.88467690329196547     
 -0.88007747879774589     
 -0.87539396007687109     
 -0.87062679465458093     
 -0.86577643804882609     
 -0.86084335372674170     
 -0.85582801306036149     
 -0.85073089528157697     
 -0.84555248743634492     
 -0.84029328433814887     
 -0.83495378852071800     
 -0.82953451019000835     
 -0.82403596717545113     
 -0.81845868488047246     
 -0.81280319623228903     
 -0.80707004163098595     
 -0.80125976889787898     
 -0.79537293322316893     
 -0.78941009711289112     
 -0.78337183033516666     
 -0.77725870986575862     
 -0.77107131983294075     
 -0.76481025146168158     
 -0.75847610301715140     
 -0.75206947974755600     
 -0.74559099382630323     
 -0.73904126429350780     
 -0.73242091699684009     
 -0.72573058453172423     
 -0.71897090618089210     
 -0.71214252785329712     
 -0.70524610202239602     
 -0.69828228766380285     
 -0.69125175019232143     
 -0.68415516139836341     
 -0.67699319938375602     
 -0.66976654849694750     
 -0.66247589926761541     
 -0.65512194834068427     
 -0.64770539840975871     
 -0.64022695814997921     
 -0.63268734215030586     
 -0.62508727084523663     
 -0.61742747044596824     
 -0.60970867287100361     
 -0.60193161567621545     
 -0.59409704198436974     
 -0.58620570041411846     
 -0.57825834500846662     
 -0.57025573516272055     
 -0.56219863555192595     
 -0.55408781605780022     
 -0.54592405169516800     
 -0.53770812253790601     
 -0.52944081364440432     
 -0.52112291498255181     
 -0.51275522135425211     
 -0.50433853231947723     
 -0.49587365211986795     
 -0.48736138960188519     
 -0.47880255813952244     
 -0.47019797555658532     
 -0.46154846404854566     
 -0.45285485010397841     
 -0.44411796442558771     
 -0.43533864185083065     
 -0.42651772127214604     
 -0.41765604555679536     
 -0.40875446146632416     
 -0.39981381957565126     
 -0.39083497419179364     
 -0.38181878327223456     
 -0.37276610834294310     
 -0.36367781441605246     
 -0.35455476990720536     
 -0.34539784655257416     
 -0.33620791932556354     
 -0.32698586635320415     
 -0.31773256883224466     
 -0.30844891094495053     
 -0.29913577977461775     
 -0.28979406522080903     
 -0.28042465991432092     
 -0.27102845913189050     
 -0.26160636071064830     
 -0.25215926496232743     
 -0.24268807458723585     
 -0.23319369458800035     
 -0.22367703218309068     
 -0.21413899672013201     
 -0.20458049958901370     
 -0.19500245413480324     
 -0.18540577557047305     
 -0.17579138088944901     
 -0.16616018877798877     
 -0.15651311952739841     
 -0.14685109494609552     
 -0.13717503827152758     
 -0.12748587408195355     
 -0.11778452820809758     
 -0.10807192764468274     
  -9.8349000461853839E-002
  -8.8616675716497326E-002
  -7.8875883363466862E-002
  -6.9127554166723199E-002
  -5.9372619610396700E-002
  -4.9612011809781018E-002
  -3.9846663422266490E-002
  -3.0077507558221753E-002
  -2.0305477691832042E-002
  -1.0531507571902729E-002
  -7.5653113263664414E-004
   9.0185175956063457E-003
   1.8792704575558931E-002
   2.8565095852296610E-002
   3.8334757642480094E-002
   4.8100756423581276E-002
   5.7862159023084336E-002
   6.7618032707653347E-002
   7.7367445272257931E-002
   8.7109465129248470E-002
   9.6843161397372257E-002
  0.10656760399072222     
  0.11628186370760961     
  0.12598501231935216     
  0.13567612265896936     
  0.14535426870977627     
  0.15501852569386726     
  0.16466797016048165     
  0.17430168007424229     
  0.18391873490325905     
  0.19351821570708860     
  0.20309920522454208     
  0.21266078796133234     
  0.22220205027755244     
  0.23172208047497678     
  0.24121996888417685     
  0.25069480795144305     
  0.26014569232550433     
  0.26957171894403742     
  0.27897198711995741     
  0.28834559862748116     
  0.29769165778795564     
  0.30700927155544316     
  0.31629754960205453     
  0.32555560440302267     
  0.33478255132150880     
  0.34397750869313187     
  0.35313959791021499     
  0.36226794350573854     
  0.37136167323699443     
  0.38041991816893134     
  0.38944181275718448     
  0.39842649493078097     
  0.40737310617451344     
  0.41628079161097420     
  0.42514870008224120     
  0.43397598423120903     
  0.44276180058255671     
  0.45150530962334423     
  0.46020567588323097     
  0.46886206801430735     
  0.47747365887053289     
  0.48603962558677266     
  0.49455914965742476     
  0.50303141701463094     
  0.51145561810606377     
  0.51983094797228135     
  0.52815660632364447     
  0.53643179761678650     
  0.54465573113062982     
  0.55282762104194250     
  0.56094668650042556     
  0.56901215170332597     
  0.57702324596956711     
  0.58497920381338997     
  0.59287926501749721     
  0.60072267470569518     
  0.60850868341502407     
  0.61623654716737175     
  0.62390552754056339     
  0.63151489173891984     
  0.63906391266327900     
  0.64655186898047179     
  0.65397804519224856     
  0.66134173170364685     
  0.66864222489079550     
  0.67587882716814829     
  0.68305084705514041     
  0.69015759924226172     
  0.69719840465653993     
  0.70417259052642878     
  0.71107949044609309     
  0.71791844443908603     
  0.72468879902141226     
  0.73138990726397002     
  0.73802112885436744     
  0.74458183015810675     
  0.75107138427912956     
  0.75748917111971914     
  0.76383457743975269     
  0.77010699691529827     
  0.77630583019655131     
  0.78243048496510392     
  0.78848037599054321     
  0.79445492518637184     
  0.80035356166524607     
  0.80617572179352559     
  0.81192084924513086     
  0.81758839505470193     
  0.82317781767005338     
  0.82868858300392167     
  0.83412016448499915     
  0.83947204310824897     
  0.84474370748449823     
  0.84993465388930267     
  0.85504438631107937     
  0.86007241649850152     
  0.86501826400715365     
  0.86988145624543822     
  0.87466152851973433     
  0.87935802407880026     
  0.88397049415741769     
  0.88849849801927228     
  0.89294160299906777     
  0.89729938454386848     
  0.90157142625366693     
  0.90575731992117159     
  0.90985666557081291     
  0.91386907149696217     
  0.91779415430136002     
  0.92163153892975180     
  0.92538085870772457     
  0.92904175537574474     
  0.93261387912339044     
  0.93609688862277696     
  0.93949045106117213     
  0.94279424217279739     
  0.94600794626981255     
  0.94913125627248052     
  0.95216387373851008     
  0.95510550889157275     
  0.95795588064899184     
  0.96071471664860131     
  0.96338175327477016     
  0.96595673568359208     
  0.96843941782723642     
  0.97082956247745944     
  0.97312694124827126     
  0.97533133461775967     
  0.97744253194906605     
  0.97946033151051182     
  0.98138454049487522     
  0.98321497503781441     
  0.98495146023543623     
  0.98659383016100877     
  0.98814192788081645     
  0.98959560546915537     
  0.99095472402246820     
  0.99221915367261670     
  0.99338877359929112     
  0.99446347204155483     
  0.99544314630852382     
  0.99632770278917882     
  0.99711705696131014     
  0.99781113339959415     
  0.99840986578280033     
  0.99891319690012859     
  0.99932107865667585     
  0.99963347207803155     
  0.99985034731400224     
  0.99997168364146305     
  0.99999746946633883     
  0.99992770232471118     
  0.99976238888305435     
  0.99950154493759802     
  0.99914519541281810     
  0.99869337435905503     
  0.99814612494925981     
  0.99750349947486960     
  0.99676555934081001     
  0.99593237505962851     
  0.99500402624475615     
  0.99398060160290069     
  0.99286219892557015     
  0.99164892507972857     
  0.99034089599758424     
  0.98893823666551273     
  0.98744108111211337     
  0.98584957239540250     
  0.98416386258914412     
  0.98238411276831838     
  0.98051049299373083     
  0.97854318229576198     
  0.97648236865726068     
  0.97432824899558190     
  0.97208102914377037     
  0.96974092383089272     
  0.96730815666151926     
  0.96478296009435816     
  0.96216557542004300     
  0.95945625273807678     
  0.95665525093293402     
  0.95376283764932379     
  0.95077928926661504     
  0.94770489087242782     
  0.94453993623539234     
  0.94128472777707828     
  0.93793957654309756     
  0.93450480217338283     
  0.93098073287164496     
  0.92736770537401192     
  0.92366606491685288     
  0.91987616520378945     
  0.91599836837189852     
  0.91203304495710824     
  0.90798057385879316     
  0.90384134230356805     
  0.89961574580828807     
  0.89530418814225532     
  0.89090708128863749     
  0.88642484540510180     
  0.88185790878366732     
  0.87720670780978016     
  0.87247168692061605     
  0.86765329856261220     
  0.86275200314823519     
  0.85776826901198666     
  0.85270257236565261     
  0.84755539725279994     
  0.84232723550252431     
  0.83701858668245466     
  0.83162995805101736     
  0.82616186450896656     
  0.82061482855018353     
  0.81498938021175060     
  0.80928605702330481     
  0.80350540395567460     
  0.79764797336880700     
  0.79171432495898664     
  0.78570502570535627     
  0.77962064981573920     
  0.77346177867177213     
  0.76722900077335243     
  0.76092291168240500     
  0.75454411396597421     
  0.74809321713864718     
  0.74157083760431197     
  0.73497759859725897     
  0.72831413012262847     
  0.72158106889621154     
  0.71477905828361021     
  0.70790874823876127     
  0.70097079524183170     
  0.69396586223648926     
  0.68689461856655676     
  0.67975773991205346     
  0.67255590822463207     
  0.66528981166241596     
  0.65796014452424345     
  0.65056760718332562     
  0.64311290602032267     
  0.63559675335584775     
  0.62801986738240212     
  0.62038297209574944     
  0.61268679722573571     
  0.60493207816656169     
  0.59711955590651278     
  0.58924997695715597     
  0.58132409328200774     
  0.57334266222468211     
  0.56530644643652328     
  0.55721621380373243     
  0.54907273737399365     
  0.54087679528260657     
  0.53262917067813298     
  0.52433065164756487     
  0.51598203114101970     
  0.50758410689597167     
  0.49913768136102565     
  0.49064356161924022     
  0.48210255931100826     
  0.47351549055650261     
  0.46488317587769262     
  0.45620644011994099     
  0.44748611237318692     
  0.43872302589272405     
  0.42991801801958035     
  0.42107193010050714     
  0.41218560740758609     
  0.40325989905746046     
  0.39429565793019961     
  0.38529374058780314     
  0.37625500719235400     
  0.36718032142382723     
  0.35807055039756230     
  0.34892656458140775     
  0.33974923771254489     
  0.33053944671399976     
  0.32129807161085006     
  0.31202599544613607     
  0.30272410419648293     
  0.29339328668744286     
  0.28403443450856497     
  0.27464844192820093     
  0.26523620580805496     
  0.25579862551748567     
  0.24633660284756842     
  0.23685104192492637     
  0.22734284912533823     
  0.21781293298713120     
  0.20826220412436711     
  0.19869157513983052     
  0.18910196053782630     
  0.17949427663679612     
  0.16986944148176109     
  0.16022837475659968     
  0.15057199769616891     
  0.14090123299827756     
  0.13121700473551920     
  0.12152023826697433     
  0.11181186014978918     
  0.10209279805064028     
   9.2363980657092906E-002
   8.2626337588862023E-002
   7.2880799308984098E-002
   6.3128297034908451E-002
   5.3369762649516345E-002
   4.3606128612076654E-002
   3.3838327869146360E-002
   2.4067293765424529E-002
   1.4293959954568215E-002
   4.5192603099788731E-003
  -5.2558711644322487E-003
  -1.5030500423491177E-002
  -2.4803693470012225E-002
  -3.4574516444044426E-002
  -4.4342035712104835E-002
  -5.4105317956390224E-002
  -6.3863430263958562E-002
  -7.3615440215871894E-002
  -8.3360415976291874E-002
  -9.3097426381519771E-002
 -0.10282554102897205     
 -0.11254383036608344     
 -0.12225136577912851     
 -0.13194721968195383     
 -0.14163046560461176     
 -0.15130017828188758     
 -0.16095543374171159     
 -0.17059530939344761     
 -0.18021888411604947     
 -0.18982523834607706     
 -0.19941345416556364     
 -0.20898261538972568     
 -0.21853180765450747     
 -0.22806011850395141     
 -0.23756663747738610     
 -0.24705045619642382     
 -0.25651066845175902     
 -0.26594637028975943     
 -0.27535666009884185     
 -0.28474063869562394     
 -0.29409740941084411     
 -0.30342607817504119     
 -0.31272575360398558     
 -0.32199554708385375     
 -0.33123457285613850     
 -0.34044194810228562     
 -0.34961679302805027     
 -0.35875823094756415     
 -0.36786538836710553     
 -0.37693739506856438     
 -0.38597338419259475     
 -0.39497249232144549     
 -0.40393385956146310     
 -0.41285662962525699     
 -0.42173994991352060     
 -0.43058297159650000     
 -0.43938484969510228     
 -0.44814474316163599     
 -0.45686181496017603     
 -0.46553523214654507     
 -0.47416416594790389     
 -0.48274779184194366     
 -0.49128528963567120     
 -0.49977584354378152     
 -0.50821864226660829     
 -0.51661287906764664     
 -0.52495775185063898     
 -0.53325246323621778     
 -0.54149622063809844     
 -0.54968823633881259     
 -0.55782772756497756     
 -0.56591391656209289     
 -0.57394603066885663     
 -0.58192330239099677     
 -0.58984496947460652     
 -0.59771027497898088     
 -0.60551846734894488     
 -0.61326880048666621     
 -0.62096053382294836     
 -0.62859293238799363     
 -0.63616526688163189     
 -0.64367681374300800     
 -0.65112685521972014     
 -0.65851467943640307     
 -0.66583958046275060     
 -0.67310085838096911     
 -0.68029781935265710     
 -0.68742977568510377     
 -0.69449604589699998     
 -0.70149595478355631     
 -0.70842883348102070     
 -0.71529401953059102     
 -0.72209085694171438     
 -0.72881869625477003     
 -0.73547689460312660     
 -0.74206481577457040     
 -0.74858183027209735     
 -0.75502731537406365     
 -0.76140065519368882     
 -0.76770124073790547     
 -0.77392846996555065     
 -0.78008174784489281     
 -0.78616048641048897     
 -0.79216410481936683     
 -0.79809202940652579     
 -0.80394369373975316     
 -0.80971853867374788     
 -0.81541601240354911     
 -0.82103557051726272     
 -0.82657667604808172     
 -0.83203879952559501     
 -0.83742141902638023     
 -0.84272402022387494     
 -0.84794609643752239     
 -0.85308714868118640     
 -0.85814668571083097     
 -0.86312422407146039     
 -0.86801928814331486     
 -0.87283141018731747     
 -0.87756013038976821     
 -0.88220499690628051     
 -0.88676556590495659     
 -0.89124140160879683     
 -0.89563207633734010     
 -0.89993717054752920     
 -0.90415627287380052     
 -0.90828898016739057     
 -0.91233489753485841     
 -0.91629363837581912     
 -0.92016482441988445     
 -0.92394808576280796     
 -0.92764306090183035     
 -0.93124939677022278     
 -0.93476674877102250     
 -0.93819478080996133     
 -0.94153316532757969     
 -0.94478158333052631     
 -0.94793972442203911     
 -0.95100728683160463     
 -0.95398397744379282     
 -0.95686951182626567     
 -0.95966361425695523     
 -0.96236601775040986     
 -0.96497646408330573     
 -0.96749470381912062     
 -0.96992049633196831     
 -0.97225360982959175     
 -0.97449382137551077     
 -0.97664091691032495     
 -0.97869469127216735     
 -0.98065494821630850     
 -0.98252150043390851     
 -0.98429416956991433     
 -0.98597278624010276     
 -0.98755719004726550     
 -0.98904722959653557     
 -0.99044276250985352     
 -0.99174365543957210     
 -0.99294978408119827     
 -0.99406103318527073     
 -0.99507729656837229     
 -0.99599847712327627     
 -0.99682448682822522     
 -0.99755524675534168     
 -0.99819068707817027     
 -0.99873074707834919     
 -0.99917537515141297     
 -0.99952452881172271     
 -0.99977817469652586     
 -0.99993628856914452     
 -0.99999885532129074     
 -0.99996586897451056     
 -0.99983733268075548     
 -0.99961325872208062     
 -0.99929366850947154     
 -0.99887859258079847     
 -0.99836807059789823     
 -0.99776215134278401     
 -0.99706089271298459     
 -0.99626436171601207     
 -0.99537263446295865     
 -0.99438579616122413     
 -0.99330394110637454     
 -0.99212717267313133     
 -0.99085560330549349     
 -0.98948935450599373     
 -0.98802855682408830     
 -0.98647334984368240     
 -0.98482388216979244     
 -0.98308031141434682     
 -0.98124280418112497     
 -0.97931153604983845     
 -0.97728669155935322     
 -0.97516846419005665     
 -0.97295705634536978     
 -0.97065267933240718     
 -0.96825555334178537     
 -0.96576590742658364     
 -0.96318397948045664     
 -0.96051001621490317     
 -0.95774427313569233     
 -0.95488701451844848     
 -0.95193851338339963     
 -0.94889905146928877     
 -0.94576891920645345     
 -0.94254841568907366     
 -0.93923784864659299     
 -0.93583753441431350     
 -0.93234779790316946     
 -0.92876897256868052     
 -0.92510140037908950     
 -0.92134543178268558     
 -0.91750142567431869     
 -0.91356974936110502     
 -0.90955077852733046     
 -0.90544489719855226     
 -0.90125249770490412     
 -0.89697398064360834     
 -0.89260975484069682     
 -0.88816023731194671     
 -0.88362585322303355     
 -0.87900703584890438     
 -0.87430422653237816     
 -0.86951787464197294     
 -0.86464843752896803     
 -0.85969638048370223     
 -0.85466217669111377     
 -0.84954630718552637     
 -0.84434926080468464     
 -0.83907153414304381     
 -0.83371363150431910     
