              1   57.4061651360
              2  215.9145812605
              3  420.1996775644
              4  140.3592068977
              5   89.3258067408
              6   66.7427033196
              7   53.6860613823
              8   45.0704536524
              9   38.9169504058
             10   34.2831763729
             11   30.6587510088
             12   27.7413810171
             13   25.3398113766
             14   23.3267435392
             15   21.6139676136
             16   20.1383237494
             17   18.8533407519
             18   17.7240315279
             19   16.7235315332
             20   15.8308582361
             21   15.0293767480
             22   14.3057239599
             23   13.6490383599
             24   13.0503984428
             25   12.5024064404
             26   11.9988751793
             27   11.5345893568
             28   11.1051213299
             29   10.7066873895
             30   10.3360344812
             31    9.9903500855
             32    9.6671899041
             33    9.3644193694
             34    9.0801659836
             35    8.8127802134
             36    8.5608031976
             37    8.3229399193
             38    8.0980367911
             39    7.8850628289
             40    7.6830937591
             41    7.4912985395
             42    7.3089278760
             43    7.1353043977
             44    6.9698142181
             45    6.8118996584
             46    6.6610529507
             47    6.5168107694
             48    6.3787494684
             49    6.2464809172
             50    6.1196488519
             51    5.9979256672
             52    5.8810095888
             53    5.7686221743
             54    5.6605060991
             55    5.5564231899
             56    5.4561526740
             57    5.3594896176
             58    5.2662435292
             59    5.1762371084
             60    5.0893051229
             61    5.0052933981
             62    4.9240579065
             63    4.8454639460
             64    4.7693853971
             65    4.6957040489
             66    4.6243089889
             67    4.5550960481
             68    4.4879672953
             69    4.4228305774
             70    4.3595990991
             71    4.2981910387
             72    4.2385291969
             73    4.1805406747
             74    4.1241565779
             75    4.0693117460
             76    4.0159445020
             77    3.9639964232
             78    3.9134121289
             79    3.8641390847
             80    3.8161274226
             81    3.7693297732
             82    3.7237011113
             83    3.6791986128
             84    3.6357815215
             85    3.5934110262
             86    3.5520501453
             87    3.5116636208
             88    3.4722178188
             89    3.4336806370
             90    3.3960214187
             91    3.3592108719
             92    3.3232209947
             93    3.2880250045
             94    3.2535972729
             95    3.2199132635
             96    3.1869494750
             97    3.1546833870
             98    3.1230934089
             99    3.0921588331
            100    3.0618597897
            101    3.0321772049
            102    3.0030927615
            103    2.9745888618
            104    2.9466485922
            105    2.9192556908
            106    2.8923945161
            107    2.8660500175
            108    2.8402077082
            109    2.8148536384
            110    2.7899743709
            111    2.7655569581
            112    2.7415889194
            113    2.7180582206
            114    2.6949532540
            115    2.6722628200
            116    2.6499761087
            117    2.6280826837
            118    2.6065724658
            119    2.5854357181
            120    2.5646630311
            121    2.5442453096
            122    2.5241737596
            123    2.5044398754
            124    2.4850354286
            125    2.4659524566
            126    2.4471832517
            127    2.4287203515
            128    2.4105565287
            129    2.3926847824
            130    2.3750983289
            131    2.3577905936
            132    2.3407552029
            133    2.3239859766
            134    2.3074769206
            135    2.2912222201
            136    2.2752162328
            137    2.2594534825
            138    2.2439286531
            139    2.2286365830
            140    2.2135722591
            141    2.1987308120
            142    2.1841075106
            143    2.1696977570
            144    2.1554970825
            145    2.1415011424
            146    2.1277057123
            147    2.1141066836
            148    2.1007000597
            149    2.0874819521
            150    2.0744485770
            151    2.0615962516
            152    2.0489213909
            153    2.0364205044
            154    2.0240901929
            155    2.0119271457
            156    1.9999281378
            157    1.9880900270
            158    1.9764097512
            159    1.9648843262
            160    1.9535108427
            161    1.9422864645
            162    1.9312084261
            163    1.9202740302
            164    1.9094806460
            165    1.8988257068
            166    1.8883067086
            167    1.8779212075
            168    1.8676668185
            169    1.8575412135
            170    1.8475421196
            171    1.8376673175
            172    1.8279146400
            173    1.8182819704
            174    1.8087672410
            175    1.7993684319
            176    1.7900835693
            177    1.7809107246
            178    1.7718480128
            179    1.7628935914
            180    1.7540456592
            181    1.7453024551
            182    1.7366622571
            183    1.7281233812
            184    1.7196841803
            185    1.7113430430
            186    1.7030983933
            187    1.6949486889
            188    1.6868924207
            189    1.6789281118
            190    1.6710543167
            191    1.6632696204
            192    1.6555726376
            193    1.6479620123
            194    1.6404364163
            195    1.6329945491
            196    1.6256351370
            197    1.6183569324
            198    1.6111587131
            199    1.6040392817
            200    1.5969974651
            201    1.5900321135
            202    1.5831421005
            203    1.5763263218
            204    1.5695836950
            205    1.5629131592
            206    1.5563136742
            207    1.5497842201
            208    1.5433237968
            209    1.5369314236
            210    1.5306061388
            211    1.5243469989
            212    1.5181530784
            213    1.5120234696
            214    1.5059572818
            215    1.4999536410
            216    1.4940116898
            217    1.4881305865
            218    1.4823095051
            219    1.4765476352
            220    1.4708441808
            221    1.4651983608
            222    1.4596094082
            223    1.4540765701
            224    1.4485991071
            225    1.4431762931
            226    1.4378074150
            227    1.4324917726
            228    1.4272286779
            229    1.4220174552
            230    1.4168574408
            231    1.4117479826
            232    1.4066884397
            233    1.4016781826
            234    1.3967165927
            235    1.3918030620
            236    1.3869369929
            237    1.3821177982
            238    1.3773449007
            239    1.3726177329
            240    1.3679357369
            241    1.3632983643
            242    1.3587050760
            243    1.3541553417
            244    1.3496486400
            245    1.3451844583
            246    1.3407622923
            247    1.3363816462
            248    1.3320420322
            249    1.3277429704
            250    1.3234839889
            251    1.3192646235
            252    1.3150844172
            253    1.3109429207
            254    1.3068396918
            255    1.3027742952
            256    1.2987463029
            257    1.2947552934
            258    1.2908008520
            259    1.2868825704
            260    1.2830000470
            261    1.2791528863
            262    1.2753406988
            263    1.2715631015
            264    1.2678197170
            265    1.2641101738
            266    1.2604341062
            267    1.2567911540
            268    1.2531809626
            269    1.2496031828
            270    1.2460574707
            271    1.2425434875
            272    1.2390608998
            273    1.2356093789
            274    1.2321886011
            275    1.2287982478
            276    1.2254380048
            277    1.2221075628
            278    1.2188066170
            279    1.2155348670
            280    1.2122920172
            281    1.2090777758
            282    1.2058918557
            283    1.2027339739
            284    1.1996038513
            285    1.1965012131
            286    1.1934257884
            287    1.1903773101
            288    1.1873555151
            289    1.1843601441
            290    1.1813909413
            291    1.1784476547
            292    1.1755300358
            293    1.1726378398
            294    1.1697708252
            295    1.1669287539
            296    1.1641113913
            297    1.1613185059
            298    1.1585498696
            299    1.1558052575
            300    1.1530844476
            301    1.1503872212
            302    1.1477133626
            303    1.1450626590
            304    1.1424349006
            305    1.1398298806
            306    1.1372473948
            307    1.1346872419
            308    1.1321492235
            309    1.1296331435
            310    1.1271388090
            311    1.1246660294
            312    1.1222146166
            313    1.1197843853
            314    1.1173751525
            315    1.1149867377
            316    1.1126189630
            317    1.1102716526
            318    1.1079446332
            319    1.1056377339
            320    1.1033507859
            321    1.1010836227
            322    1.0988360801
            323    1.0966079959
            324    1.0943992102
            325    1.0922095652
            326    1.0900389050
            327    1.0878870761
            328    1.0857539266
            329    1.0836393068
            330    1.0815430690
            331    1.0794650674
            332    1.0774051579
            333    1.0753631987
            334    1.0733390494
            335    1.0713325717
            336    1.0693436289
            337    1.0673720863
            338    1.0654178107
            339    1.0634806709
            340    1.0615605370
            341    1.0596572811
            342    1.0577707769
            343    1.0559008995
            344    1.0540475260
            345    1.0522105346
            346    1.0503898054
            347    1.0485852200
            348    1.0467966613
            349    1.0450240140
            350    1.0432671639
            351    1.0415259987
            352    1.0398004071
            353    1.0380902795
            354    1.0363955076
            355    1.0347159844
            356    1.0330516045
            357    1.0314022635
            358    1.0297678587
            359    1.0281482883
            360    1.0265434521
            361    1.0249532510
            362    1.0233775874
            363    1.0218163645
            364    1.0202694871
            365    1.0187368611
            366    1.0172183936
            367    1.0157139928
            368    1.0142235682
            369    1.0127470302
            370    1.0112842907
            371    1.0098352623
            372    1.0083998591
            373    1.0069779960
            374    1.0055695892
            375    1.0041745557
            376    1.0027928139
            377    1.0014242828
            378    1.0000688829
            379    0.9987265354
            380    0.9973971625
            381    0.9960806876
            382    0.9947770349
            383    0.9934861297
            384    0.9922078980
            385    0.9909422671
            386    0.9896891650
            387    0.9884485206
            388    0.9872202639
            389    0.9860043257
            390    0.9848006376
            391    0.9836091323
            392    0.9824297430
            393    0.9812624043
            394    0.9801070511
            395    0.9789636196
            396    0.9778320465
            397    0.9767122695
            398    0.9756042270
            399    0.9745078584
            400    0.9734231038
            401    0.9723499039
            402    0.9712882005
            403    0.9702379360
            404    0.9691990535
            405    0.9681714970
            406    0.9671552113
            407    0.9661501417
            408    0.9651562344
            409    0.9641734363
            410    0.9632016951
            411    0.9622409591
            412    0.9612911773
            413    0.9603522994
            414    0.9594242759
            415    0.9585070580
            416    0.9576005973
            417    0.9567048464
            418    0.9558197583
            419    0.9549452870
            420    0.9540813868
            421    0.9532280128
            422    0.9523851208
            423    0.9515526671
            424    0.9507306087
            425    0.9499189033
            426    0.9491175090
            427    0.9483263849
            428    0.9475454902
            429    0.9467747851
            430    0.9460142302
            431    0.9452637868
            432    0.9445234167
            433    0.9437930825
            434    0.9430727469
            435    0.9423623737
            436    0.9416619270
            437    0.9409713715
            438    0.9402906725
            439    0.9396197957
            440    0.9389587076
            441    0.9383073751
            442    0.9376657656
            443    0.9370338471
            444    0.9364115882
            445    0.9357989580
            446    0.9351959259
            447    0.9346024622
            448    0.9340185375
            449    0.9334441229
            450    0.9328791901
            451    0.9323237112
            452    0.9317776589
            453    0.9312410065
            454    0.9307137275
            455    0.9301957961
            456    0.9296871871
            457    0.9291878754
            458    0.9286978369
            459    0.9282170475
            460    0.9277454840
            461    0.9272831233
            462    0.9268299430
            463    0.9263859212
            464    0.9259510362
            465    0.9255252672
            466    0.9251085934
            467    0.9247009949
            468    0.9243024518
            469    0.9239129451
            470    0.9235324560
            471    0.9231609661
            472    0.9227984576
            473    0.9224449132
            474    0.9221003159
            475    0.9217646491
            476    0.9214378969
            477    0.9211200435
            478    0.9208110738
            479    0.9205109731
            480    0.9202197270
            481    0.9199373216
            482    0.9196637435
            483    0.9193989797
            484    0.9191430176
            485    0.9188958450
            486    0.9186574502
            487    0.9184278218
            488    0.9182069489
            489    0.9179948212
            490    0.9177914285
            491    0.9175967612
            492    0.9174108100
            493    0.9172335663
            494    0.9170650216
            495    0.9169051679
            496    0.9167539977
            497    0.9166115038
            498    0.9164776796
            499    0.9163525186
            500    0.9162360151
            501    0.9161281635
            502    0.9160289587
            503    0.9159383960
            504    0.9158564712
            505    0.9157831804
            506    0.9157185202
            507    0.9156624875
            508    0.9156150797
            509    0.9155762945
            510    0.9155461302
            511    0.9155245852
            512    0.9155116586
            513    0.9155073499
