   9.77517105638980865478515625000000000E-0003     1.4455770517344710     
   1.95503421127796173095703125000000000E-0002     1.5577391292429601     
   2.93255131691694259643554687500000000E-0002     1.5884346028490723     
   3.91006842255592346191406250000000000E-0002    0.36061362011726650     
   4.88758552819490432739257812500000000E-0002    0.43985729629561976     
   5.86510263383388519287109375000000000E-0002    0.39202856651614448     
   6.84261973947286605834960937500000000E-0002    0.97123543309005766     
   7.82013684511184692382812500000000000E-0002    0.31614816139531854     
   8.79765395075082778930664062500000000E-0002     1.3328954647922266     
   9.77517105638980865478515625000000000E-0002    0.66624089049640001     
  0.107526881620287895202636718750000000          0.54001236402022212     
  0.117302052676677703857421875000000000          0.74017470846693190     
  0.127077223733067512512207031250000000           1.0422273724877891     
  0.136852394789457321166992187500000000           1.6894411055345122     
  0.146627565845847129821777343750000000           1.4956321010673959     
  0.156402736902236938476562500000000000           1.0917957646252308     
  0.166177907958626747131347656250000000           1.0302474723270998     
  0.175953079015016555786132812500000000          0.86171950994582125     
  0.185728250071406364440917968750000000           1.1578539584832162     
  0.195503421127796173095703125000000000          0.38903749106043140     
  0.205278592184185981750488281250000000           1.6053527297897046     
  0.215053763240575790405273437500000000           1.1725048738702486     
  0.224828934296965599060058593750000000           1.5340349297035407     
  0.234604105353355407714843750000000000           1.3442864676953832     
  0.244379276409745216369628906250000000          0.99868716596811979     
  0.254154447466135025024414062500000000          0.26291708235874578     
  0.263929618522524833679199218750000000          0.64602514762283469     
  0.273704789578914642333984375000000000           1.0293077588573449     
  0.283479960635304450988769531250000000          0.53504337763754750     
  0.293255131691694259643554687500000000           1.3034412204077506     
  0.303030302748084068298339843750000000           1.6107995989108570     
  0.312805473804473876953125000000000000           1.1775215051086607     
  0.322580644860863685607910156250000000          0.83058018351280749     
  0.332355815917253494262695312500000000           1.3316331639031067     
  0.342130986973643302917480468750000000           1.7979898401875913     
  0.351906158030033111572265625000000000          0.67775537982815504     
  0.361681329086422920227050781250000000           1.3186647902020128     
  0.371456500142812728881835937500000000           1.6442270416487386     
  0.381231671199202537536621093750000000           1.2301994956159730     
  0.391006842255592346191406250000000000          0.59728295009862542     
  0.400782013311982154846191406250000000           1.1043542236057069     
  0.410557184368371963500976562500000000           1.6833599539548421     
  0.420332355424761772155761718750000000          0.28123902446160709     
  0.430107526481151580810546875000000000          0.71579233395435615     
  0.439882697537541389465332031250000000          0.63588406016593524     
  0.449657868593931198120117187500000000          0.63677640891866516     
  0.459433039650321006774902343750000000          0.67938701650677524     
  0.469208210706710815429687500000000000           1.0260568386808295     
  0.478983381763100624084472656250000000           1.0987180373425502     
  0.488758552819490432739257812500000000          0.62012146425423864     
  0.498533723875880241394042968750000000          0.76678527893321047     
  0.508308894932270050048828125000000000          0.60638766024967938     
  0.518084065988659858703613281250000000         -0.10521752665386419     
  0.527859237045049667358398437500000000          0.95803237925920759     
  0.537634408101439476013183593750000000          0.65721658367039637     
  0.547409579157829284667968750000000000           1.1343116790703629     
  0.557184750214219093322753906250000000          0.35024229626388914     
  0.566959921270608901977539062500000000           1.4371304882501899     
  0.576735092326998710632324218750000000           1.0542098460818496     
  0.586510263383388519287109375000000000           1.5784926512220419     
  0.596285434439778327941894531250000000          0.69506924340089105     
  0.606060605496168136596679687500000000           1.0170268438086267     
  0.615835776552557945251464843750000000           1.2701681639020261     
  0.625610947608947753906250000000000000          0.93098352182426969     
  0.635386118665337562561035156250000000           1.1433643185347719     
  0.645161289721727371215820312500000000           1.0779353608316133     
  0.654936460778117179870605468750000000          0.69273982833993664     
  0.664711631834506988525390625000000000           1.6013728183805034     
  0.674486802890896797180175781250000000           1.2783982637165794     
  0.684261973947286605834960937500000000           1.4923640406077467     
  0.694037145003676414489746093750000000          0.37315950888512284     
  0.703812316060066223144531250000000000          0.34148247470961557     
  0.713587487116456031799316406250000000           1.0482279424988117     
  0.723362658172845840454101562500000000           3.9406299149949642E-002
  0.733137829229235649108886718750000000           1.5698046508806336     
  0.742913000285625457763671875000000000          0.51839710339774692     
  0.752688171342015266418457031250000000          0.64079332064542249     
  0.762463342398405075073242187500000000          0.67875443012524139     
  0.772238513454794883728027343750000000          -5.0722590338899143E-002
  0.782013684511184692382812500000000000           1.2219058402065373     
  0.791788855567574501037597656250000000          0.72166340798003048     
  0.801564026623964309692382812500000000           1.0305042999865244     
  0.811339197680354118347167968750000000          0.80918124213171283     
  0.821114368736743927001953125000000000          0.37139558460744038     
  0.830889539793133735656738281250000000           1.5674771686180491     
  0.840664710849523544311523437500000000           8.7069587088058453E-002
  0.850439881905913352966308593750000000           1.5849913525042605     
  0.860215052962303161621093750000000000          0.77278505494582450     
  0.869990224018692970275878906250000000          0.95671150836455465     
  0.879765395075082778930664062500000000          0.88113425483576047     
  0.889540566131472587585449218750000000           1.0257915314245267     
  0.899315737187862396240234375000000000         -0.10659033800656237     
  0.909090908244252204895019531250000000          0.81150473865207806     
  0.918866079300642013549804687500000000          0.69394091598369545     
  0.928641250357031822204589843750000000          0.95931067144258442     
  0.938416421413421630859375000000000000          0.12580036581502108     
  0.948191592469811439514160156250000000           1.1286333755485654     
  0.957966763526201248168945312500000000          -6.8331415650971894E-002
  0.967741934582591056823730468750000000          0.93440736209687114     
  0.977517105638980865478515625000000000           1.2639976732034035     
  0.987292276695370674133300781250000000          0.10675129608097911     
  0.997067447751760482788085937500000000          0.29926931135049262     
   1.00684261880815029144287109375000000          0.78332353143937905     
   1.01661778986454010009765625000000000          0.24264176929045922     
   1.02639296092092990875244140625000000          0.75504917091308754     
   1.03616813197731971740722656250000000          0.75753584035326482     
   1.04594330303370952606201171875000000           1.4179654711330199     
   1.05571847409009933471679687500000000          -1.5370353517936475E-002
   1.06549364514648914337158203125000000          0.32969867162771344     
   1.07526881620287895202636718750000000          0.61228080833657983     
   1.08504398725926876068115234375000000          0.86202351118006448     
   1.09481915831565856933593750000000000           8.7038127239377594E-002
   1.10459432937204837799072265625000000           1.0198668073427346     
   1.11436950042843818664550781250000000           1.0633135663957722     
   1.12414467148482799530029296875000000          0.63708582382936230     
   1.13391984254121780395507812500000000          0.72018165060526251     
   1.14369501359760761260986328125000000          0.76623066955695252     
   1.15347018465399742126464843750000000          0.31900189641918070     
   1.16324535571038722991943359375000000           2.8029931839807676E-002
   1.17302052676677703857421875000000000          0.95076950231401813     
   1.18279569782316684722900390625000000         -0.21480814249754393     
   1.19257086887955665588378906250000000          0.57172435297381874     
   1.20234603993594646453857421875000000          0.38244965933566366     
   1.21212121099233627319335937500000000          0.95158938947096250     
   1.22189638204872608184814453125000000          0.64850677065043372     
   1.23167155310511589050292968750000000         -0.21716430434237888     
   1.24144672416150569915771484375000000          0.77143476323251381     
   1.25122189521789550781250000000000000          0.41013439026169496     
   1.26099706627428531646728515625000000          0.35934157472503525     
   1.27077223733067512512207031250000000         -0.10047766916246048     
   1.28054740838706493377685546875000000          -4.8166282455809617E-002
   1.29032257944345474243164062500000000         -0.11862537192285216     
   1.30009775049984455108642578125000000          0.80833729438695912     
   1.30987292155623435974121093750000000          0.65972289946841589     
   1.31964809261262416839599609375000000          0.33896590588795206     
   1.32942326366901397705078125000000000          0.19945576513966634     
   1.33919843472540378570556640625000000          0.18140253340370702     
   1.34897360578179359436035156250000000         -0.15187152926660483     
   1.35874877683818340301513671875000000           7.1987802626172742E-002
   1.36852394789457321166992187500000000          0.31765782139232368     
   1.37829911895096302032470703125000000          0.48743932208771235     
   1.38807429000735282897949218750000000         -0.13074129758271449     
   1.39784946106374263763427734375000000          0.88690065918075744     
   1.40762463212013244628906250000000000         -0.40035373121815127     
   1.41739980317652225494384765625000000          0.71352229095819208     
   1.42717497423291206359863281250000000         -0.42831687520619760     
   1.43695014528930187225341796875000000         -0.55854323571109954     
   1.44672531634569168090820312500000000           1.4441119377601577E-002
   1.45650048740208148956298828125000000          0.34984908572477563     
   1.46627565845847129821777343750000000         -0.50706656293692542     
   1.47605082951486110687255859375000000          0.24681046974237594     
   1.48582600057125091552734375000000000         -0.65451534297050662     
   1.49560117162764072418212890625000000          0.29153637980855240     
   1.50537634268403053283691406250000000          -1.5463681036586505E-002
   1.51515151374042034149169921875000000          0.81430693562012768     
   1.52492668479681015014648437500000000          0.34617799855424375     
   1.53470185585319995880126953125000000          0.82590825883011487     
   1.54447702690958976745605468750000000           1.0997152440033190E-002
   1.55425219796597957611083984375000000         -0.73501254551858808     
   1.56402736902236938476562500000000000         -0.39259008172649024     
   1.57380254007875919342041015625000000          -9.6949089386340059E-002
   1.58357771113514900207519531250000000          -5.2380693399255454E-002
   1.59335288219153881072998046875000000           9.0429776212813964E-002
   1.60312805324792861938476562500000000         -0.21974836934661449     
   1.61290322430431842803955078125000000           1.5790237057128211E-002
   1.62267839536070823669433593750000000          0.17468701458594810     
   1.63245356641709804534912109375000000          0.42640223921040443     
   1.64222873747348785400390625000000000         -0.32330382196476970     
   1.65200390852987766265869140625000000          0.15473031029481965     
   1.66177907958626747131347656250000000          0.21939061713539026     
   1.67155425064265727996826171875000000          -6.9240250505258144E-002
   1.68132942169904708862304687500000000          0.20800353314028933     
   1.69110459275543689727783203125000000           3.2567017316793484E-002
   1.70087976381182670593261718750000000         -0.82335972982542438     
   1.71065493486821651458740234375000000          0.36288642891279371     
   1.72043010592460632324218750000000000           1.5693635649752569E-002
   1.73020527698099613189697265625000000          0.52069103808214479     
   1.73998044803738594055175781250000000         -0.54754000988915519     
   1.74975561909377574920654296875000000         -0.24155081000265002     
   1.75953079015016555786132812500000000         -0.95692621770400499     
   1.76930596120655536651611328125000000         -0.10192136861334472     
   1.77908113226294517517089843750000000         -0.51269052230196466     
   1.78885630331933498382568359375000000          0.12721854713241432     
   1.79863147437572479248046875000000000         -0.71808931025833722     
   1.80840664543211460113525390625000000         -0.40904509310779102     
   1.81818181648850440979003906250000000         -0.19494145830076284     
   1.82795698754489421844482421875000000         -0.20997544948422964     
   1.83773215860128402709960937500000000          0.37912391075923862     
   1.84750732965767383575439453125000000          0.54368149156785095     
   1.85728250071406364440917968750000000         -0.33030951871908071     
   1.86705767177045345306396484375000000           5.1134998207987614E-002
   1.87683284282684326171875000000000000         -0.79164218980663570     
   1.88660801388323307037353515625000000         -0.64233612695618336     
   1.89638318493962287902832031250000000         -0.14636814421181432     
   1.90615835599601268768310546875000000         -0.80049510089318177     
   1.91593352705240249633789062500000000         -0.87362222998323591     
   1.92570869810879230499267578125000000          -6.4053606552724185E-003
   1.93548386916518211364746093750000000         -0.56496300026624624     
   1.94525904022157192230224609375000000          0.16998096154937853     
   1.95503421127796173095703125000000000         -0.19930915360649404     
   1.96480938233435153961181640625000000          -1.2284371743679778     
   1.97458455339074134826660156250000000          -1.2348479915228265     
   1.98435972444713115692138671875000000         -0.56059272723868947     
   1.99413489550352096557617187500000000          -1.0033442266309509     
   2.00391006655991077423095703125000000         -0.78253494389199463     
   2.01368523761630058288574218750000000          -1.1772410823874022     
   2.02346040867269039154052734375000000         -0.82333559080037810     
   2.03323557972908020019531250000000000          -7.4122251728810373E-002
   2.04301075078547000885009765625000000         -0.28844522270505368     
   2.05278592184185981750488281250000000          -8.9981638815062492E-002
   2.06256109289824962615966796875000000          0.37565852035486264     
   2.07233626395463943481445312500000000         -0.21645673333215659     
   2.08211143501102924346923828125000000         -0.12043667656494139     
   2.09188660606741905212402343750000000         -0.88553371786340762     
   2.10166177712380886077880859375000000         -0.68076388296240031     
   2.11143694818019866943359375000000000          0.17841748396932755     
   2.12121211923658847808837890625000000          -1.3966767106257580     
   2.13098729029297828674316406250000000         -0.68281435266317414     
   2.14076246134936809539794921875000000         -0.50786311005570450     
   2.15053763240575790405273437500000000         -0.37765701184502709     
   2.16031280346214771270751953125000000         -0.36216659712657728     
   2.17008797451853752136230468750000000         -0.69925677340082137     
   2.17986314557492733001708984375000000         -0.25770833344761113     
   2.18963831663131713867187500000000000         -0.71700177650608343     
   2.19941348768770694732666015625000000         -0.81066137687533335     
   2.20918865874409675598144531250000000         -0.58654008465264851     
   2.21896382980048656463623046875000000         -0.84194988354826406     
   2.22873900085687637329101562500000000          -1.2209413396023157     
   2.23851417191326618194580078125000000           9.7841138926747506E-003
   2.24828934296965599060058593750000000         -0.93924107522022560     
   2.25806451402604579925537109375000000          0.17107736576916777     
   2.26783968508243560791015625000000000         -0.62437633910577706     
   2.27761485613882541656494140625000000         -0.39269770411771043     
   2.28739002719521522521972656250000000         -0.87140313448664419     
   2.29716519825160503387451171875000000          -1.3165677819778896     
   2.30694036930799484252929687500000000           1.5757991178429687E-002
   2.31671554036438465118408203125000000         -0.11109680594674942     
   2.32649071142077445983886718750000000         -0.53985056230445372     
   2.33626588247716426849365234375000000         -0.61449745085881369     
   2.34604105353355407714843750000000000           3.2534797376123969E-002
   2.35581622458994388580322265625000000          -1.1333596040274547     
   2.36559139564633369445800781250000000         -0.57094668996834641     
   2.37536656670272350311279296875000000         -0.78515224606177980     
   2.38514173775911331176757812500000000         -0.61292854606796232     
   2.39491690881550312042236328125000000         -0.68168774161797874     
   2.40469207987189292907714843750000000         -0.90011869386410959     
   2.41446725092828273773193359375000000         -0.75715695759533586     
   2.42424242198467254638671875000000000         -0.62997819331545990     
   2.43401759304106235504150390625000000         -0.90665618160024286     
   2.44379276409745216369628906250000000         -0.52431027264981422     
   2.45356793515384197235107421875000000         -0.54390468558712701     
   2.46334310621023178100585937500000000         -0.39869592672852927     
   2.47311827726662158966064453125000000         -0.44513825572048715     
   2.48289344832301139831542968750000000         -0.52724597311728549     
   2.49266861937940120697021484375000000         -0.46472565882474781     
   2.50244379043579101562500000000000000         -0.89553980130560051     
   2.51221896149218082427978515625000000         -0.62387942908822502     
   2.52199413254857063293457031250000000         -0.28130812899346413     
   2.53176930360496044158935546875000000         -0.37049349722205649     
   2.54154447466135025024414062500000000         -0.53409561291756202     
   2.55131964571774005889892578125000000         -0.82444729982977372     
   2.56109481677412986755371093750000000          -1.0740930763319061     
   2.57086998783051967620849609375000000          -5.2194127547048996E-002
   2.58064515888690948486328125000000000          -1.6741113494496047     
   2.59042032994329929351806640625000000          -1.0322822238375775     
   2.60019550099968910217285156250000000         -0.64075817189604778     
   2.60997067205607891082763671875000000          -1.1924601084435018     
   2.61974584311246871948242187500000000          -1.2909670772321049     
   2.62952101416885852813720703125000000         -0.44051769104153937     
   2.63929618522524833679199218750000000         -0.96202361095666000     
   2.64907135628163814544677734375000000         -0.84642209310349958     
   2.65884652733802795410156250000000000         -0.99570525123534481     
   2.66862169839441776275634765625000000         -0.80088674683879901     
   2.67839686945080757141113281250000000          -1.2483443432680064     
   2.68817204050719738006591796875000000          -1.1719954753199984     
   2.69794721156358718872070312500000000         -0.14044229169439570     
   2.70772238261997699737548828125000000         -0.56425786986138660     
   2.71749755367636680603027343750000000         -0.23919839146969302     
   2.72727272473275661468505859375000000          -1.2379322588243049     
   2.73704789578914642333984375000000000         -0.74213762528859417     
   2.74682306684553623199462890625000000         -0.66849350135396801     
   2.75659823790192604064941406250000000         -0.89557317966319239     
   2.76637340895831584930419921875000000          -1.5991630388323506     
   2.77614858001470565795898437500000000         -0.88376326446254905     
   2.78592375107109546661376953125000000         -0.50298627522893991     
   2.79569892212748527526855468750000000         -0.27927618053936532     
   2.80547409318387508392333984375000000         -0.91787410115300316     
   2.81524926424026489257812500000000000         -0.78404485568869775     
   2.82502443529665470123291015625000000         -0.20797307691152245     
   2.83479960635304450988769531250000000         -0.54302865937838163     
   2.84457477740943431854248046875000000         -0.69590429837612178     
   2.85434994846582412719726562500000000         -0.75733419798723112     
   2.86412511952221393585205078125000000          -1.2052228858136429     
   2.87390029057860374450683593750000000         -0.69730258833813252     
   2.88367546163499355316162109375000000          -1.0182565200574611     
   2.89345063269138336181640625000000000          -1.5030096130291086     
   2.90322580374777317047119140625000000         -0.37016047604668090     
   2.91300097480416297912597656250000000          -1.0177062634366685     
   2.92277614586055278778076171875000000          -1.1810359917303324     
   2.93255131691694259643554687500000000          -1.6987784610558156     
   2.94232648797333240509033203125000000          -4.8693549637311873E-002
   2.95210165902972221374511718750000000          -1.3439540760729243     
   2.96187683008611202239990234375000000          -1.8145422360440453     
   2.97165200114250183105468750000000000          -1.3022962179331814     
   2.98142717219889163970947265625000000          -1.2451013821158485     
   2.99120234325528144836425781250000000          -1.3204194376881329     
   3.00097751431167125701904296875000000         -0.50344469438870310     
   3.01075268536806106567382812500000000         -0.41335388141449392     
   3.02052785642445087432861328125000000         -0.39274101910723047     
   3.03030302748084068298339843750000000          -1.8191160609332782     
   3.04007819853723049163818359375000000         -0.29045677528501535     
   3.04985336959362030029296875000000000          -1.1649917464372250     
   3.05962854065001010894775390625000000          -1.1504495086202926     
   3.06940371170639991760253906250000000         -0.95524143596717159     
   3.07917888276278972625732421875000000         -0.20180564892371411     
   3.08895405381917953491210937500000000         -0.54293906839372552     
   3.09872922487556934356689453125000000         -0.46044529629916686     
   3.10850439593195915222167968750000000         -0.99262980906673104     
   3.11827956698834896087646484375000000          -1.3375831245174794     
   3.12805473804473876953125000000000000          -1.1029693245905665     
   3.13782990910112857818603515625000000          -1.2424658079244935     
   3.14760508015751838684082031250000000         -0.75090818159764205     
   3.15738025121390819549560546875000000          -1.3697875259911092     
   3.16715542227029800415039062500000000         -0.64093152996621738     
   3.17693059332668781280517578125000000          -1.3684876947514821     
   3.18670576438307762145996093750000000          -1.2354136980154737     
   3.19648093543946743011474609375000000          -1.2764972321972294     
   3.20625610649585723876953125000000000         -0.47120978906382249     
   3.21603127755224704742431640625000000         -0.98512788239266735     
   3.22580644860863685607910156250000000         -0.44161149568957792     
   3.23558161966502666473388671875000000         -0.89869106986872171     
   3.24535679072141647338867187500000000         -0.88836031559295936     
   3.25513196177780628204345703125000000         -0.98356849613333441     
   3.26490713283419609069824218750000000          -1.4807448700329928     
   3.27468230389058589935302734375000000          -1.0645111201441346     
   3.28445747494697570800781250000000000          -1.3869479017742083     
   3.29423264600336551666259765625000000          -1.3816388413927609     
   3.30400781705975532531738281250000000          -1.0148521390971903     
   3.31378298811614513397216796875000000          -1.1593680260275838     
   3.32355815917253494262695312500000000         -0.89170686226836726     
   3.33333333022892475128173828125000000         -0.71712117365289962     
   3.34310850128531455993652343750000000         -0.66885025990204872     
   3.35288367234170436859130859375000000         -0.93595761411749845     
   3.36265884339809417724609375000000000         -0.68071683470584110     
   3.37243401445448398590087890625000000          -1.7368054138887281     
   3.38220918551087379455566406250000000          -1.5731054064001571     
   3.39198435656726360321044921875000000          -1.8137196228563679     
   3.40175952762365341186523437500000000         -0.84654387437916445     
   3.41153469868004322052001953125000000         -0.83272289183996862     
   3.42130986973643302917480468750000000         -0.87750131804004183     
   3.43108504079282283782958984375000000         -0.64262376261874588     
   3.44086021184921264648437500000000000          -1.1451259721495606     
   3.45063538290560245513916015625000000         -0.22349035913724058     
   3.46041055396199226379394531250000000          -1.0060786668631363     
   3.47018572501838207244873046875000000          -1.0550042304058262     
   3.47996089607477188110351562500000000         -0.88778109885171719     
   3.48973606713116168975830078125000000         -0.59449222336174590     
   3.49951123818755149841308593750000000          -1.3100158384440461     
   3.50928640924394130706787109375000000         -0.97212096477730237     
   3.51906158030033111572265625000000000         -0.30402351383992821     
   3.52883675135672092437744140625000000          -1.4729940092071243     
   3.53861192241311073303222656250000000         -0.66202478088484651     
   3.54838709346950054168701171875000000         -0.93854119841554151     
   3.55816226452589035034179687500000000         -0.89294646874137906     
   3.56793743558228015899658203125000000          -1.4745345790556916     
   3.57771260663866996765136718750000000          -1.0182329935293444     
   3.58748777769505977630615234375000000          -1.1417598455044504     
   3.59726294875144958496093750000000000         -0.39458571991250591     
   3.60703811980783939361572265625000000          -1.1810663112410564     
   3.61681329086422920227050781250000000          -1.2372519251427612     
   3.62658846192061901092529296875000000         -0.97319123129489515     
   3.63636363297700881958007812500000000         -0.59158527603895683     
   3.64613880403339862823486328125000000          -1.0586601229491857     
   3.65591397508978843688964843750000000          -1.5114284628216952     
   3.66568914614617824554443359375000000         -0.25603045873974406     
   3.67546431720256805419921875000000000         -0.80025237128960791     
   3.68523948825895786285400390625000000         -0.39920779669073259     
   3.69501465931534767150878906250000000          -1.1719217293269870     
   3.70478983037173748016357421875000000         -0.96342353350262910     
   3.71456500142812728881835937500000000         -0.90660011379066352     
   3.72434017248451709747314453125000000          -1.2175767457503324     
   3.73411534354090690612792968750000000          -1.4019772801942807     
   3.74389051459729671478271484375000000          -1.5030551798982295     
   3.75366568565368652343750000000000000         -0.73131001849863653     
   3.76344085671007633209228515625000000         -0.67128150395628805     
   3.77321602776646614074707031250000000         -0.42084910962415001     
   3.78299119882285594940185546875000000         -0.69256879180132136     
   3.79276636987924575805664062500000000         -0.99989840395681151     
   3.80254154093563556671142578125000000         -0.69402740668320362     
   3.81231671199202537536621093750000000         -0.79979290997078678     
   3.82209188304841518402099609375000000         -0.91522868056888362     
   3.83186705410480499267578125000000000         -0.95572627092852180     
   3.84164222516119480133056640625000000          -1.4594434969298211     
   3.85141739621758460998535156250000000          -1.0773564226124883     
   3.86119256727397441864013671875000000         -0.76917172126366928     
   3.87096773833036422729492187500000000         -0.66101391023865674     
   3.88074290938675403594970703125000000          -1.3732871367910664     
   3.89051808044314384460449218750000000         -0.83520173593604907     
   3.90029325149953365325927734375000000         -0.94918982830613829     
   3.91006842255592346191406250000000000         -0.72493733112290870     
   3.91984359361231327056884765625000000         -0.97945863083486451     
   3.92961876466870307922363281250000000         -0.77715290706084816     
   3.93939393572509288787841796875000000         -0.45751981551109289     
   3.94916910678148269653320312500000000         -0.67370676537481655     
   3.95894427783787250518798828125000000         -0.86617940189213782     
   3.96871944889426231384277343750000000         -0.45836360076620231     
   3.97849461995065212249755859375000000         -0.65437901340173266     
   3.98826979100704193115234375000000000         -0.82443769316715154     
   3.99804496206343173980712890625000000         -0.85223713121727118     
   4.00782013311982154846191406250000000         -0.79910739502230754     
   4.01759530417621135711669921875000000          -6.0796139592239951E-002
   4.02737047523260116577148437500000000         -0.46535207031497872     
   4.03714564628899097442626953125000000         -0.23568297397023663     
   4.04692081734538078308105468750000000          -3.4866692781783670E-002
   4.05669598840177059173583984375000000          -1.2391589940685135     
   4.06647115945816040039062500000000000         -0.44964484771662072     
   4.07624633051455020904541015625000000          -1.1558982371290232     
   4.08602150157094001770019531250000000         -0.82701728679412334     
   4.09579667262732982635498046875000000         -0.75008899915275373     
   4.10557184368371963500976562500000000          -4.5110204462036951E-002
   4.11534701474010944366455078125000000          -1.1485984291768039     
   4.12512218579649925231933593750000000          -1.1428765638452758     
   4.13489735685288906097412109375000000          -6.3994511061012727E-002
   4.14467252790927886962890625000000000         -0.87940486173468335     
   4.15444769896566867828369140625000000         -0.60518448887633791     
   4.16422287002205848693847656250000000         -0.43606661005091119     
   4.17399804107844829559326171875000000         -0.47768527887988688     
   4.18377321213483810424804687500000000         -0.29770687185805145     
   4.19354838319122791290283203125000000         -0.60172339500927219     
   4.20332355424761772155761718750000000         -0.13433404585188519     
   4.21309872530400753021240234375000000          -1.3522132598912315     
   4.22287389636039733886718750000000000         -0.63419300309869953     
   4.23264906741678714752197265625000000          -2.7269975889365972E-002
   4.24242423847317695617675781250000000         -0.43664834718954970     
   4.25219940952956676483154296875000000          -1.4150139700560809     
   4.26197458058595657348632812500000000          0.19676360920202579     
   4.27174975164234638214111328125000000         -0.92606734857622319     
   4.28152492269873619079589843750000000         -0.45245681345535493     
   4.29130009375512599945068359375000000          0.32607305699681061     
   4.30107526481151580810546875000000000          0.10680491859878721     
   4.31085043586790561676025390625000000          0.13052923784433917     
   4.32062560692429542541503906250000000         -0.44964529274794257     
   4.33040077798068523406982421875000000         -0.20484075052433959     
   4.34017594903707504272460937500000000         -0.61077244561112076     
   4.34995112009346485137939453125000000         -0.19650184861203934     
   4.35972629114985466003417968750000000          0.19827137723282623     
   4.36950146220624446868896484375000000         -0.41591601869079792     
   4.37927663326263427734375000000000000         -0.32465961627691020     
   4.38905180431902408599853515625000000         -0.37473487481674173     
   4.39882697537541389465332031250000000         -0.79257929348279232     
   4.40860214643180370330810546875000000         -0.47156844083113630     
   4.41837731748819351196289062500000000          0.35851540400221343     
   4.42815248854458332061767578125000000         -0.89423186129981902     
   4.43792765960097312927246093750000000          0.11372953647357825     
   4.44770283065736293792724609375000000          0.64479813452860957     
   4.45747800171375274658203125000000000         -0.35705962506974931     
   4.46725317277014255523681640625000000         -0.19211401033247510     
   4.47702834382653236389160156250000000         -0.90777903699522688     
   4.48680351488292217254638671875000000         -0.42903434533921858     
   4.49657868593931198120117187500000000         -0.54825736296158711     
   4.50635385699570178985595703125000000         -0.83094091600136721     
   4.51612902805209159851074218750000000         -0.29032649359403173     
   4.52590419910848140716552734375000000         -0.30776624348123965     
   4.53567937016487121582031250000000000          0.50331819247480880     
   4.54545454122126102447509765625000000         -0.65933354960257373     
   4.55522971227765083312988281250000000         -0.25514140207439551     
   4.56500488333404064178466796875000000          -1.3005765661427554E-002
   4.57478005439043045043945312500000000         -0.13306374829350023     
   4.58455522544682025909423828125000000          0.36823785028328082     
   4.59433039650321006774902343750000000         -0.39815333313973822     
   4.60410556755959987640380859375000000          -3.3064250566435666E-002
   4.61388073861598968505859375000000000          -6.3471461780823565E-002
   4.62365590967237949371337890625000000         -0.44044024406061355     
   4.63343108072876930236816406250000000          0.14352025196673335     
   4.64320625178515911102294921875000000         -0.47050403999130819     
   4.65298142284154891967773437500000000          0.49857978441182010     
   4.66275659389793872833251953125000000          0.10252026091055590     
   4.67253176495432853698730468750000000          0.18092298036130283     
   4.68230693601071834564208984375000000          0.45040673964941985     
   4.69208210706710815429687500000000000          0.14724866239911033     
   4.70185727812349796295166015625000000          0.20602313415173007     
   4.71163244917988777160644531250000000          0.36289736710649911     
   4.72140762023627758026123046875000000          0.22802076445229580     
   4.73118279129266738891601562500000000          0.21082837962438705     
   4.74095796234905719757080078125000000          0.73164622683374192     
   4.75073313340544700622558593750000000         -0.24094232861545448     
   4.76050830446183681488037109375000000           3.6135004775632057E-002
   4.77028347551822662353515625000000000          -5.1673686411002340E-003
   4.78005864657461643218994140625000000          -8.4901193366565403E-002
   4.78983381763100624084472656250000000          0.19235720281009971     
   4.79960898868739604949951171875000000          0.71534408999191934     
   4.80938415974378585815429687500000000          0.24730721931973554     
   4.81915933080017566680908203125000000           5.4136259004760309E-002
   4.82893450185656547546386718750000000          0.32755052711398169     
   4.83870967291295528411865234375000000          -5.9496304723958837E-003
   4.84848484396934509277343750000000000         -0.20622208023714880     
   4.85826001502573490142822265625000000          0.45790767447149505     
   4.86803518608212471008300781250000000           7.9892354581806713E-002
   4.87781035713851451873779296875000000         -0.12643110134220389     
   4.88758552819490432739257812500000000         -0.30886739875266200     
   4.89736069925129413604736328125000000           7.0152779931945575E-002
   4.90713587030768394470214843750000000          0.19884997039153685     
   4.91691104136407375335693359375000000          0.18489594671013779     
   4.92668621242046356201171875000000000          -4.6789409258516296E-002
   4.93646138347685337066650390625000000          0.69749616343673215     
   4.94623655453324317932128906250000000           1.0128075716553968     
   4.95601172558963298797607421875000000         -0.16167834273081338     
   4.96578689664602279663085937500000000         -0.40585250001669659     
   4.97556206770241260528564453125000000         -0.15989276935967633     
   4.98533723875880241394042968750000000          0.42329805828424738     
   4.99511240981519222259521484375000000           5.0726728788658582E-002
   5.00488758087158203125000000000000000           1.2763805622352693     
   5.01466275192797183990478515625000000          0.20876176620165193     
   5.02443792298436164855957031250000000          0.25894194024135625     
   5.03421309404075145721435546875000000          0.20541479050781625     
   5.04398826509714126586914062500000000          0.22766999572992697     
   5.05376343615353107452392578125000000          0.87929220059824220     
   5.06353860720992088317871093750000000          0.33798390403309769     
   5.07331377826631069183349609375000000          0.52799506856756362     
   5.08308894932270050048828125000000000         -0.10169771086743040     
   5.09286412037909030914306640625000000          0.71760267055144755     
   5.10263929143548011779785156250000000          0.22796268092527899     
   5.11241446249186992645263671875000000          0.67665084672324893     
   5.12218963354825973510742187500000000          0.38015957865575656     
   5.13196480460464954376220703125000000          0.30431190698628102     
   5.14173997566103935241699218750000000          -2.0105316787463301E-002
   5.15151514671742916107177734375000000          0.30213472684615722     
   5.16129031777381896972656250000000000          0.68963246502039355     
   5.17106548883020877838134765625000000          0.74560370236173146     
   5.18084065988659858703613281250000000          0.19770277170525341     
   5.19061583094298839569091796875000000          0.47249853782170753     
   5.20039100199937820434570312500000000           1.1321475618650154     
   5.21016617305576801300048828125000000          0.52687231953032287     
   5.21994134411215782165527343750000000          0.46893428462913106     
   5.22971651516854763031005859375000000          0.33294997683637984     
   5.23949168622493743896484375000000000           1.2959877692485176     
   5.24926685728132724761962890625000000           1.1724525320159760     
   5.25904202833771705627441406250000000          0.94310856447313585     
   5.26881719939410686492919921875000000           2.3404041599481840E-003
   5.27859237045049667358398437500000000          0.12128735410482361     
   5.28836754150688648223876953125000000          0.17496483605006341     
   5.29814271256327629089355468750000000          0.65407421642463293     
   5.30791788361966609954833984375000000          0.18463633798968337     
   5.31769305467605590820312500000000000          0.45871924017378496     
   5.32746822573244571685791015625000000          0.62057254520967942     
   5.33724339678883552551269531250000000           1.0495835815599719     
   5.34701856784522533416748046875000000           1.1536571676206466     
   5.35679373890161514282226562500000000          0.83114993987293151     
   5.36656890995800495147705078125000000          0.15392074701365688     
   5.37634408101439476013183593750000000         -0.32419075614683723     
   5.38611925207078456878662109375000000          0.74776064152371768     
   5.39589442312717437744140625000000000           5.8776005859403235E-002
   5.40566959418356418609619140625000000           1.0918570340011695     
   5.41544476523995399475097656250000000          0.52210857636267394     
   5.42521993629634380340576171875000000          0.56901663085509036     
   5.43499510735273361206054687500000000          0.75972754255569763     
   5.44477027840912342071533203125000000         -0.27228861846247598     
   5.45454544946551322937011718750000000          0.18733102519671274     
   5.46432062052190303802490234375000000          0.99216935634774295     
   5.47409579157829284667968750000000000          0.66136521795564063     
   5.48387096263468265533447265625000000           9.2454685555587779E-002
   5.49364613369107246398925781250000000          0.93809602573761042     
   5.50342130474746227264404296875000000          0.92069638993644953     
   5.51319647580385208129882812500000000          0.44136147575012119     
   5.52297164686024188995361328125000000           1.0269234486796153     
   5.53274681791663169860839843750000000           1.4282623800270315     
   5.54252198897302150726318359375000000          0.93933486290893287     
   5.55229716002941131591796875000000000          0.11064947809206671     
   5.56207233108580112457275390625000000          0.16789286407649284     
   5.57184750214219093322753906250000000          0.41261931905367910     
   5.58162267319858074188232421875000000           1.1583293493971500     
   5.59139784425497055053710937500000000          0.18610092582460003     
   5.60117301531136035919189453125000000          0.92091909618776224     
   5.61094818636775016784667968750000000          0.79938919849659806     
   5.62072335742413997650146484375000000           1.1838363158556555     
   5.63049852848052978515625000000000000          0.66812550318930153     
   5.64027369953691959381103515625000000           1.0930505144850704     
   5.65004887059330940246582031250000000          0.38694168439423360     
   5.65982404164969921112060546875000000          0.69605347291761621     
   5.66959921270608901977539062500000000          0.51257020848548807     
   5.67937438376247882843017578125000000           1.4145340951358736     
   5.68914955481886863708496093750000000          0.24611588441078203     
   5.69892472587525844573974609375000000          0.26561344680311438     
   5.70869989693164825439453125000000000          0.82177113254001166     
   5.71847506798803806304931640625000000          0.74280259878088495     
   5.72825023904442787170410156250000000           1.0718737408033652     
   5.73802541010081768035888671875000000          0.17472817651798855     
   5.74780058115720748901367187500000000          0.83921770496590875     
   5.75757575221359729766845703125000000          0.72519744987446322     
   5.76735092326998710632324218750000000          0.81766659532930053     
   5.77712609432637691497802734375000000           1.1636727685252275     
   5.78690126538276672363281250000000000           1.3439478582920570     
   5.79667643643915653228759765625000000           1.2819182823959432     
   5.80645160749554634094238281250000000          0.10695858102708478     
   5.81622677855193614959716796875000000          0.94110787802348184     
   5.82600194960832595825195312500000000           1.2679234499430385     
   5.83577712066471576690673828125000000          0.19483700738464838     
   5.84555229172110557556152343750000000          0.86746276616445772     
   5.85532746277749538421630859375000000           1.4016524438453490     
   5.86510263383388519287109375000000000           1.3760918860568987     
   5.87487780489027500152587890625000000          0.58013956369467057     
   5.88465297594666481018066406250000000          0.94062682396393149     
   5.89442814700305461883544921875000000          0.49486986093550778     
   5.90420331805944442749023437500000000           1.4479299904679079     
   5.91397848911583423614501953125000000          0.32151272861069513     
   5.92375366017222404479980468750000000          0.75041006191684434     
   5.93352883122861385345458984375000000          0.87748493119422877     
   5.94330400228500366210937500000000000          0.73809734848078079     
   5.95307917334139347076416015625000000          0.83561656786710259     
   5.96285434439778327941894531250000000          0.81061077707021001     
   5.97262951545417308807373046875000000           1.4395424709980316     
   5.98240468651056289672851562500000000          0.79740330132626513     
   5.99217985756695270538330078125000000          0.74738721419086196     
   6.00195502862334251403808593750000000           1.8445283362622487     
   6.01173019967973232269287109375000000          0.92648242504295863     
   6.02150537073612213134765625000000000          0.79631118781677079     
   6.03128054179251194000244140625000000          0.39937503908883309     
   6.04105571284890174865722656250000000          0.85616929941593600     
   6.05083088390529155731201171875000000          0.55016141466746071     
   6.06060605496168136596679687500000000           1.4690721316606064     
   6.07038122601807117462158203125000000           1.4177513412294616     
   6.08015639707446098327636718750000000          0.70103225381275791     
   6.08993156813085079193115234375000000           1.6190595874156517     
   6.09970673918724060058593750000000000           1.8649202591564666     
   6.10948191024363040924072265625000000          0.35072251545699384     
   6.11925708130002021789550781250000000          0.99865947919360154     
   6.12903225235641002655029296875000000          0.94460979477839946     
   6.13880742341279983520507812500000000          0.71472520980875498     
   6.14858259446918964385986328125000000           1.0939012438741527     
   6.15835776552557945251464843750000000           1.0847672856153658     
   6.16813293658196926116943359375000000          0.82040012041630772     
   6.17790810763835906982421875000000000           1.9027028366655783     
   6.18768327869474887847900390625000000          0.78711966760979335     
   6.19745844975113868713378906250000000          0.97397834518419835     
   6.20723362080752849578857421875000000           1.4367673541262271     
   6.21700879186391830444335937500000000           1.5625365324169280     
   6.22678396292030811309814453125000000           1.8372052892904907     
   6.23655913397669792175292968750000000          0.46547642169260905     
   6.24633430503308773040771484375000000          0.63829574525213484     
   6.25610947608947753906250000000000000          0.97958413850564385     
   6.26588464714586734771728515625000000           1.3424697664119027     
   6.27565981820225715637207031250000000           1.3200381356678301     
   6.28543498925864696502685546875000000           1.0601094689780575     
   6.29521016031503677368164062500000000           1.5323211578300824     
   6.30498533137142658233642578125000000          0.71656689327758560     
   6.31476050242781639099121093750000000          0.88710387419174841     
   6.32453567348420619964599609375000000          0.59545509569663158     
   6.33431084454059600830078125000000000           1.5523461377257544     
   6.34408601559698581695556640625000000           1.5415790759227705     
   6.35386118665337562561035156250000000           1.3021249575284584     
   6.36363635770976543426513671875000000           1.6236376220239155     
   6.37341152876615524291992187500000000          0.30582979785015585     
   6.38318669982254505157470703125000000           1.3114944380031790     
   6.39296187087893486022949218750000000           1.1108290703834183     
   6.40273704193532466888427734375000000           1.1227969866758143     
   6.41251221299171447753906250000000000           1.4768221504825605     
   6.42228738404810428619384765625000000          0.38632339988857545     
   6.43206255510449409484863281250000000          0.73170580906846683     
   6.44183772616088390350341796875000000          0.64288689524480380     
   6.45161289721727371215820312500000000          0.34961671945961148     
   6.46138806827366352081298828125000000          0.58976421964480819     
   6.47116323933005332946777343750000000          0.24198212950720999     
   6.48093841038644313812255859375000000           1.0573816496862358     
   6.49071358144283294677734375000000000           1.2017797431172952     
   6.50048875249922275543212890625000000           1.3537752401324803     
   6.51026392355561256408691406250000000          0.54514309694174889     
   6.52003909461200237274169921875000000           1.3618200657038289     
   6.52981426566839218139648437500000000          0.87306481260957924     
   6.53958943672478199005126953125000000          0.38254820602370188     
   6.54936460778117179870605468750000000          0.98538518635168237     
   6.55913977883756160736083984375000000           1.3499169162861318     
   6.56891494989395141601562500000000000          0.86639337508304748     
   6.57869012095034122467041015625000000          0.95298122062897894     
   6.58846529200673103332519531250000000          0.43919689297769293     
   6.59824046306312084197998046875000000           1.7254959049434948     
   6.60801563411951065063476562500000000          0.70586190571922958     
   6.61779080517590045928955078125000000          0.31202474420353199     
   6.62756597623229026794433593750000000          0.64950926276548160     
   6.63734114728868007659912109375000000           1.6750065607197333     
   6.64711631834506988525390625000000000           1.0464051317632266     
   6.65689148940145969390869140625000000          0.74235563559686468     
   6.66666666045784950256347656250000000          0.80706335928941719     
   6.67644183151423931121826171875000000          0.92647916573167222     
   6.68621700257062911987304687500000000          0.76008016567681191     
   6.69599217362701892852783203125000000          0.86815228949921786     
   6.70576734468340873718261718750000000           1.3488664266099404     
   6.71554251573979854583740234375000000          0.67598069974380293     
   6.72531768679618835449218750000000000          0.84700020727854364     
   6.73509285785257816314697265625000000          0.68340704944293162     
   6.74486802890896797180175781250000000          0.22413800657792426     
   6.75464319996535778045654296875000000          0.46562412611895976     
   6.76441837102174758911132812500000000          0.79328090543317797     
   6.77419354207813739776611328125000000           1.3108671079261234     
   6.78396871313452720642089843750000000           9.6161270950649302E-002
   6.79374388419091701507568359375000000           1.1465216842503279     
   6.80351905524730682373046875000000000           1.1807791473327538     
   6.81329422630369663238525390625000000           1.0746927685290946     
   6.82306939736008644104003906250000000          0.42814251942397397     
   6.83284456841647624969482421875000000          0.47383685352409988     
   6.84261973947286605834960937500000000          0.48277854750609583     
   6.85239491052925586700439453125000000          0.70664608315877431     
   6.86217008158564567565917968750000000          0.46736083178438337     
   6.87194525264203548431396484375000000          0.89567705621080740     
   6.88172042369842529296875000000000000          0.93334889720855152     
   6.89149559475481510162353515625000000           1.0490009922617314     
   6.90127076581120491027832031250000000           1.1077800315331618     
   6.91104593686759471893310546875000000          0.18763989117552649     
   6.92082110792398452758789062500000000          0.47013138051817460     
   6.93059627898037433624267578125000000          0.73779656536404625     
   6.94037145003676414489746093750000000           1.0006984615404075     
   6.95014662109315395355224609375000000           1.2178742246952243     
   6.95992179214954376220703125000000000           1.3434228920947919     
   6.96969696320593357086181640625000000          0.76811548045399869     
   6.97947213426232337951660156250000000          0.93328777953616981     
   6.98924730531871318817138671875000000          0.88102221778897238     
   6.99902247637510299682617187500000000          0.93294319996450936     
   7.00879764743149280548095703125000000          0.45728382420957003     
   7.01857281848788261413574218750000000           1.2157989812963286     
   7.02834798954427242279052734375000000          0.33359944384262030     
   7.03812316060066223144531250000000000          0.47429677706476714     
   7.04789833165705204010009765625000000         -0.16265502843960389     
   7.05767350271344184875488281250000000          0.64490596372489439     
   7.06744867376983165740966796875000000          0.92892038688011869     
   7.07722384482622146606445312500000000           1.4601370359339705     
   7.08699901588261127471923828125000000           1.1235947112660303     
   7.09677418693900108337402343750000000           1.2167262664394816     
   7.10654935799539089202880859375000000          0.70670023144342553     
   7.11632452905178070068359375000000000          0.61841796304946117     
   7.12609970010817050933837890625000000          0.74521964030621479     
   7.13587487116456031799316406250000000           1.0486962475821047     
   7.14565004222095012664794921875000000          0.95361407210336957     
   7.15542521327733993530273437500000000           1.2769160352164897     
   7.16520038433372974395751953125000000           1.2354745876759161     
   7.17497555539011955261230468750000000         -0.23483604387248069     
   7.18475072644650936126708984375000000           1.5725194886667944     
   7.19452589750289916992187500000000000          0.27507679089333825     
   7.20430106855928897857666015625000000          0.92022634391363201     
   7.21407623961567878723144531250000000          0.87158869309828524     
   7.22385141067206859588623046875000000           4.1678317869021209E-002
   7.23362658172845840454101562500000000          0.79935120815017180     
   7.24340175278484821319580078125000000          -4.9179691901294453E-002
   7.25317692384123802185058593750000000          0.90734603155004867     
   7.26295209489762783050537109375000000          0.25180892811342481     
   7.27272726595401763916015625000000000           1.4054908701559761     
   7.28250243701040744781494140625000000          0.41900603913331458     
   7.29227760806679725646972656250000000          0.42898551490115544     
   7.30205277912318706512451171875000000          0.29933694589805315     
   7.31182795017957687377929687500000000          0.36498200825283611     
   7.32160312123596668243408203125000000           2.5635254356909165E-002
   7.33137829229235649108886718750000000           1.0097697194774806     
   7.34115346334874629974365234375000000          0.60731917692990911     
   7.35092863440513610839843750000000000          -8.8401572875024814E-003
   7.36070380546152591705322265625000000          0.56393311407640012     
   7.37047897651791572570800781250000000         -0.14150706193053492     
   7.38025414757430553436279296875000000          -6.6538215489189867E-002
   7.39002931863069534301757812500000000           1.0467915036848323     
   7.39980448968708515167236328125000000          0.54214709815834905     
   7.40957966074347496032714843750000000          0.60187837187089865     
   7.41935483179986476898193359375000000           1.1765250398417182     
   7.42913000285625457763671875000000000         -0.24626094296167661     
   7.43890517391264438629150390625000000           6.8911570683247159E-003
   7.44868034496903419494628906250000000          0.91221352940541933     
   7.45845551602542400360107421875000000          0.41640736516055704     
   7.46823068708181381225585937500000000          0.71206209222958550     
   7.47800585813820362091064453125000000          0.17494675895434481     
   7.48778102919459342956542968750000000          0.55323713822715215     
   7.49755620025098323822021484375000000          0.77458574426890769     
   7.50733137130737304687500000000000000           2.6179691966695284E-002
   7.51710654236376285552978515625000000           1.1420335587287702     
   7.52688171342015266418457031250000000          0.43757147477857466     
   7.53665688447654247283935546875000000          0.53946349163143881     
   7.54643205553293228149414062500000000          0.52662895229523787     
   7.55620722658932209014892578125000000          0.72803417108685697     
   7.56598239764571189880371093750000000          0.50184411163258846     
   7.57575756870210170745849609375000000          0.24511600937204858     
   7.58553273975849151611328125000000000          0.22095734571589187     
   7.59530791081488132476806640625000000          -6.8440390061737966E-002
   7.60508308187127113342285156250000000          0.32852950064419928     
   7.61485825292766094207763671875000000         -0.37346976457836956     
   7.62463342398405075073242187500000000          0.16346645866818491     
   7.63440859504044055938720703125000000          0.12057844545356186     
   7.64418376609683036804199218750000000          0.75035953421775092     
   7.65395893715322017669677734375000000           6.3323466390440869E-002
   7.66373410820960998535156250000000000          0.16111853349009680     
   7.67350927926599979400634765625000000         -0.12877379358415114     
   7.68328445032238960266113281250000000         -0.73815796902544106     
   7.69305962137877941131591796875000000         -0.58893143817064642     
   7.70283479243516921997070312500000000         -0.61689073271154593     
   7.71260996349155902862548828125000000          -8.2315539081190214E-002
   7.72238513454794883728027343750000000         -0.20545768551106283     
   7.73216030560433864593505859375000000         -0.40518931831261551     
   7.74193547666072845458984375000000000         -0.70210005467565029     
   7.75171064771711826324462890625000000          0.16058855801462954     
   7.76148581877350807189941406250000000         -0.22172770177698914     
   7.77126098982989788055419921875000000           6.3673252643183312E-002
   7.78103616088628768920898437500000000          0.65410571767446257     
   7.79081133194267749786376953125000000          0.11740595549743287     
   7.80058650299906730651855468750000000          0.15297579978940892     
   7.81036167405545711517333984375000000         -0.31515589722105325     
   7.82013684511184692382812500000000000          0.23166995857593348     
   7.82991201616823673248291015625000000         -0.48742853486311549     
   7.83968718722462654113769531250000000         -0.14943117775600306     
   7.84946235828101634979248046875000000         -0.68699737749214518     
   7.85923752933740615844726562500000000         -0.15396492992602892     
   7.86901270039379596710205078125000000          0.66777551459115725     
   7.87878787145018577575683593750000000          -6.8991000827800311E-002
   7.88856304250657558441162109375000000          0.75799822029606789     
   7.89833821356296539306640625000000000         -0.16560720867047884     
   7.90811338461935520172119140625000000          0.34581013881546036     
   7.91788855567574501037597656250000000          0.54564389204744279     
   7.92766372673213481903076171875000000         -0.42102063545207796     
   7.93743889778852462768554687500000000         -0.42819402841830845     
   7.94721406884491443634033203125000000          0.16963698676545289     
   7.95698923990130424499511718750000000         -0.76599087191581283     
   7.96676441095769405364990234375000000          0.38131736805920952     
   7.97653958201408386230468750000000000           9.4676162602219144E-002
   7.98631475307047367095947265625000000         -0.14785760672113840     
   7.99608992412686347961425781250000000         -0.15502410612280024     
   8.00586509518325328826904296875000000           8.0227987841524628E-003
   8.01564026623964309692382812500000000         -0.25720787514796162     
   8.02541543729603290557861328125000000         -0.77405085291151399     
   8.03519060835242271423339843750000000         -0.32281489050948209     
   8.04496577940881252288818359375000000          0.48050409400560751     
   8.05474095046520233154296875000000000         -0.22234193049918180     
   8.06451612152159214019775390625000000         -0.64433613292207426     
   8.07429129257798194885253906250000000           2.0259419686190772E-002
   8.08406646363437175750732421875000000         -0.55530034715690557     
   8.09384163469076156616210937500000000         -0.23314588018368493     
   8.10361680574715137481689453125000000         -0.36304610171949514     
   8.11339197680354118347167968750000000          0.28991252834084352     
   8.12316714785993099212646484375000000          -9.2989665196375637E-002
   8.13294231891632080078125000000000000         -0.35388411066036529     
   8.14271748997271060943603515625000000         -0.19555277820673234     
   8.15249266102910041809082031250000000         -0.80088804738081487     
   8.16226783208549022674560546875000000          0.10219306626465607     
   8.17204300314188003540039062500000000          0.25471308726210329     
   8.18181817419826984405517578125000000         -0.12930875089549926     
   8.19159334525465965270996093750000000         -0.53881776186675867     
   8.20136851631104946136474609375000000         -0.38928485505418992     
   8.21114368736743927001953125000000000         -0.66072872006052097     
   8.22091885842382907867431640625000000         -0.39301731183440497     
   8.23069402948021888732910156250000000         -0.46414357897989850     
   8.24046920053660869598388671875000000         -0.39714193913594720     
   8.25024437159299850463867187500000000         -0.56433694582284377     
   8.26001954264938831329345703125000000         -0.18621795283169940     
   8.26979471370577812194824218750000000          -8.4114647601624237E-002
   8.27956988476216793060302734375000000          -1.0798476250323614     
   8.28934505581855773925781250000000000          0.16911397960613272     
   8.29912022687494754791259765625000000         -0.33539196970441015     
   8.30889539793133735656738281250000000          0.38138517555819362     
   8.31867056898772716522216796875000000         -0.65721876354737818     
   8.32844574004411697387695312500000000         -0.24930342148178247     
   8.33822091110050678253173828125000000         -0.60130221517877169     
   8.34799608215689659118652343750000000         -0.29918638655947616     
   8.35777125321328639984130859375000000          0.10008311407236298     
   8.36754642426967620849609375000000000         -0.39370890985967022     
   8.37732159532606601715087890625000000         -0.68400474063850814     
   8.38709676638245582580566406250000000          -1.4307857714017400     
   8.39687193743884563446044921875000000         -0.14398633602260269     
   8.40664710849523544311523437500000000         -0.15605864487126886     
   8.41642227955162525177001953125000000         -0.23576639641798047     
   8.42619745060801506042480468750000000         -0.35997814278775664     
   8.43597262166440486907958984375000000         -0.27921475611420321     
   8.44574779272079467773437500000000000          -2.7055041560338888E-002
   8.45552296377718448638916015625000000         -0.85140991303731262     
   8.46529813483357429504394531250000000          -1.2680230455919523     
   8.47507330588996410369873046875000000          -1.2775061690596980     
   8.48484847694635391235351562500000000         -0.51295974608593464     
   8.49462364800274372100830078125000000         -0.88253345422397600     
   8.50439881905913352966308593750000000         -0.89633548967255328     
   8.51417399011552333831787109375000000         -0.40290422033224726     
   8.52394916117191314697265625000000000         -0.28899508735078039     
   8.53372433222830295562744140625000000          -1.0039384009091119     
   8.54349950328469276428222656250000000           4.6664351572347607E-002
   8.55327467434108257293701171875000000           4.4980470039950982E-002
   8.56304984539747238159179687500000000           4.8672205601813068E-002
   8.57282501645386219024658203125000000           8.7762652869505131E-002
   8.58260018751025199890136718750000000         -0.95919766800242345     
   8.59237535856664180755615234375000000          -1.0602084690834839     
   8.60215052962303161621093750000000000         -0.92336174604943444     
   8.61192570067942142486572265625000000          -1.4414659638107141     
   8.62170087173581123352050781250000000          0.10592256944418654     
   8.63147604279220104217529296875000000         -0.78255159595787271     
   8.64125121384859085083007812500000000         -0.52945348977679707     
   8.65102638490498065948486328125000000         -0.99171222860651875     
   8.66080155596137046813964843750000000         -0.13831247559405813     
   8.67057672701776027679443359375000000         -0.45756511043934034     
   8.68035189807415008544921875000000000         -0.69922892592942054     
   8.69012706913053989410400390625000000          -1.6859041273743018     
   8.69990224018692970275878906250000000         -0.79584330678882098     
   8.70967741124331951141357421875000000         -0.86097814774100700     
   8.71945258229970932006835937500000000          -1.1415895971492551     
   8.72922775335609912872314453125000000          -1.1251672231750391     
   8.73900292441248893737792968750000000         -0.51517278606662487     
   8.74877809546887874603271484375000000         -0.61895608790226586     
   8.75855326652526855468750000000000000          -1.0346596414550446     
   8.76832843758165836334228515625000000          -1.3732650455237125     
   8.77810360863804817199707031250000000         -0.54043164045999259     
   8.78787877969443798065185546875000000         -0.78551465283093969     
   8.79765395075082778930664062500000000          -6.5329958351482253E-002
   8.80742912180721759796142578125000000          -1.6834763628216400     
   8.81720429286360740661621093750000000          -1.3019561237246602     
   8.82697946391999721527099609375000000         -0.64167376963023504     
   8.83675463497638702392578125000000000         -0.44749561905989677     
   8.84652980603277683258056640625000000         -0.87984824359608238     
   8.85630497708916664123535156250000000         -0.34998386595751751     
   8.86608014814555644989013671875000000         -0.37743251420790813     
   8.87585531920194625854492187500000000          -1.1823188877253759     
   8.88563049025833606719970703125000000           5.0190907367782311E-002
   8.89540566131472587585449218750000000         -0.61569819105144086     
   8.90518083237111568450927734375000000         -0.40501088436523869     
   8.91495600342750549316406250000000000         -0.68317252995355282     
   8.92473117448389530181884765625000000         -0.45575999382360610     
   8.93450634554028511047363281250000000         -0.93195294078445434     
   8.94428151659667491912841796875000000          -1.2013831997245368     
   8.95405668765306472778320312500000000         -0.90080484765371871     
   8.96383185870945453643798828125000000          -1.0010288239264513     
   8.97360702976584434509277343750000000         -0.87974097113041494     
   8.98338220082223415374755859375000000          -1.1093698196267301     
   8.99315737187862396240234375000000000          -1.0884566551857011     
   9.00293254293501377105712890625000000         -0.46252725364447755     
   9.01270771399140357971191406250000000          -1.4632480317626599     
   9.02248288504779338836669921875000000         -0.41625619023409344     
   9.03225805610418319702148437500000000         -0.46580675885851108     
   9.04203322716057300567626953125000000         -0.93579888365573660     
   9.05180839821696281433105468750000000         -0.48536540743611634     
   9.06158356927335262298583984375000000          -1.1223220618813741     
   9.07135874032974243164062500000000000         -0.81422021911867715     
   9.08113391138613224029541015625000000         -0.98924954449322910     
   9.09090908244252204895019531250000000         -0.80111102440108295     
   9.10068425349891185760498046875000000          -1.2147024578815118     
   9.11045942455530166625976562500000000         -0.58186332397149720     
   9.12023459561169147491455078125000000          -1.7072996646233582     
   9.13000976666808128356933593750000000         -0.70992389224313579     
   9.13978493772447109222412109375000000          -1.5713462676840793     
   9.14956010878086090087890625000000000         -0.51877299254289033     
   9.15933527983725070953369140625000000          -1.0479551895166552     
   9.16911045089364051818847656250000000          -1.0862207189100630     
   9.17888562195003032684326171875000000         -0.53741155086688042     
   9.18866079300642013549804687500000000          -1.0279682170683613     
   9.19843596406280994415283203125000000         -0.75468858074440726     
   9.20821113511919975280761718750000000          -1.7358505497838601     
   9.21798630617558956146240234375000000          -9.3166603656200553E-002
   9.22776147723197937011718750000000000          -1.2445993356522216     
   9.23753664828836917877197265625000000         -0.90824243053339582     
   9.24731181934475898742675781250000000         -0.73191117587179422     
   9.25708699040114879608154296875000000         -0.82326641111803245     
   9.26686216145753860473632812500000000          -1.5471310788259520     
   9.27663733251392841339111328125000000         -0.97631329328672112     
   9.28641250357031822204589843750000000          -1.6026902295508691     
   9.29618767462670803070068359375000000          -1.0787368729078337     
   9.30596284568309783935546875000000000          -1.6498058441092744     
   9.31573801673948764801025390625000000         -0.81698779290511936     
   9.32551318779587745666503906250000000          -1.1563929761185432     
   9.33528835885226726531982421875000000         -0.62796244540025381     
   9.34506352990865707397460937500000000         -0.83588288602866467     
   9.35483870096504688262939453125000000         -0.97054409067318836     
   9.36461387202143669128417968750000000         -0.68365769185417125     
   9.37438904307782649993896484375000000          -1.3342019003376264     
   9.38416421413421630859375000000000000          -1.0980082208392792     
   9.39393938519060611724853515625000000         -0.99759214622810455     
   9.40371455624699592590332031250000000         -0.64501252108629636     
   9.41348972730338573455810546875000000          -1.2613784730173867     
   9.42326489835977554321289062500000000          -1.1031461236165789     
   9.43304006941616535186767578125000000         -0.69379969694692267     
   9.44281524047255516052246093750000000          -1.3345615205317076     
   9.45259041152894496917724609375000000         -0.66697666394974175     
   9.46236558258533477783203125000000000          -1.1710172727117421     
   9.47214075364172458648681640625000000         -0.72077357205772719     
   9.48191592469811439514160156250000000         -0.95745425033117459     
   9.49169109575450420379638671875000000          -1.1447162109436140     
   9.50146626681089401245117187500000000         -0.98048937095395139     
   9.51124143786728382110595703125000000          -1.6043318742282191     
   9.52101660892367362976074218750000000         -0.57714281611884244     
   9.53079177998006343841552734375000000          -1.9297724538760679     
   9.54056695103645324707031250000000000          -1.4478093846793727     
   9.55034212209284305572509765625000000         -0.89626788350381981     
   9.56011729314923286437988281250000000          -1.0873683978001223     
   9.56989246420562267303466796875000000          -1.0026154893784303     
   9.57966763526201248168945312500000000         -0.16368058395421525     
   9.58944280631840229034423828125000000          -1.4559548180443660     
   9.59921797737479209899902343750000000          -1.0513886805248949     
   9.60899314843118190765380859375000000          -1.3920823770729163     
   9.61876831948757171630859375000000000          -1.0865799471254609     
   9.62854349054396152496337890625000000         -0.95124943087100544     
   9.63831866160035133361816406250000000         -0.81635629643301044     
   9.64809383265674114227294921875000000          -1.0085072493615654     
   9.65786900371313095092773437500000000         -0.71837035972061392     
   9.66764417476952075958251953125000000          -1.0592676199757176     
   9.67741934582591056823730468750000000          -1.3431287146577033     
   9.68719451688230037689208984375000000          -1.2714082738358854     
   9.69696968793869018554687500000000000         -0.79125438162584238     
   9.70674485899507999420166015625000000         -0.59481430126434165     
   9.71652003005146980285644531250000000          -1.5947286214328114     
   9.72629520110785961151123046875000000          -1.3174530087811438     
   9.73607037216424942016601562500000000          -1.0071350370497814     
   9.74584554322063922882080078125000000          -1.4850487916884050     
   9.75562071427702903747558593750000000         -0.53158720991690267     
   9.76539588533341884613037109375000000          -1.1559246993347037     
   9.77517105638980865478515625000000000         -0.72245051038975705     
   9.78494622744619846343994140625000000         -0.32485249374964065     
   9.79472139850258827209472656250000000         -0.94156959012423880     
   9.80449656955897808074951171875000000         -0.48150883119599985     
   9.81427174061536788940429687500000000         -0.83592450714483657     
   9.82404691167175769805908203125000000          -1.0544268679399122     
   9.83382208272814750671386718750000000         -0.50527021878039780     
   9.84359725378453731536865234375000000          -1.2903776774464322     
   9.85337242484092712402343750000000000         -0.51415478434092909     
   9.86314759589731693267822265625000000         -0.78355816700446046     
   9.87292276695370674133300781250000000         -0.26850508597699885     
   9.88269793801009654998779296875000000         -0.50573457596526361     
   9.89247310906648635864257812500000000         -0.84596745137389995     
   9.90224828012287616729736328125000000          -8.5797318458186944E-002
   9.91202345117926597595214843750000000         -0.74644981638831676     
   9.92179862223565578460693359375000000         -0.94633429681997372     
   9.93157379329204559326171875000000000          -1.0975770269779348     
   9.94134896434843540191650390625000000         -0.55067355625208037     
   9.95112413540482521057128906250000000         -0.99415764811551588     
   9.96089930646121501922607421875000000          -1.0871312540646350     
   9.97067447751760482788085937500000000         -0.63984512957197315     
   9.98044964857399463653564453125000000         -0.97223507747971583     
   9.99022481963038444519042968750000000          -1.1044915871596652     
   9.99999999068677425384521484375000000         -0.85492160128171568     
   10.0097751617431640625000000000000000          -1.5497640179331520     
